,sample_01,sample_02,sample_03,sample_04,sample_05,sample_06,sample_07,sample_08,sample_09,sample_10,sample_11,sample_12,sample_13,sample_14,sample_15,sample_16,sample_17,sample_18,sample_19,sample_20,sample_21,sample_22,sample_23,sample_24,sample_25,sample_26,sample_27,sample_28,sample_29,sample_30,sample_31,sample_32,sample_33,sample_34,sample_35,sample_36,sample_37,sample_38,sample_39,sample_40,sample_41,sample_42,sample_43,sample_44,sample_45,sample_46,sample_47,sample_48,sample_49,sample_50,sample_51,sample_52,sample_53,sample_54,sample_55,sample_56,sample_57,sample_58,sample_59,sample_60,sample_61,sample_62,sample_63,sample_64,sample_65,sample_66,sample_67,sample_68,sample_69,sample_70,sample_71,sample_72,sample_73,sample_74,sample_75,sample_76,sample_77,sample_78,sample_79,sample_80,sample_81,sample_82,sample_83,sample_84,sample_85,sample_86,sample_87,sample_88,sample_89,sample_90,sample_91,sample_92,sample_93,sample_94,sample_95,sample_96,sample_97,sample_98,sample_99,sample_100,sample_101,sample_102,sample_103,sample_104,sample_105,sample_106,sample_107,sample_108,sample_109,sample_110,sample_111,sample_112,sample_113,sample_114,sample_115,sample_116,sample_117,sample_118,sample_119,sample_120,sample_121,sample_122,sample_123,sample_124,sample_125,sample_126,sample_127,sample_128,sample_129,sample_130,sample_131,sample_132,sample_133,sample_134,sample_135,sample_136,sample_137,sample_138,sample_139,sample_140,sample_141,sample_142,sample_143,sample_144,sample_145,sample_146,sample_147,sample_148,sample_149,sample_150,sample_151,sample_152,sample_153,sample_154,sample_155,sample_156,sample_157,sample_158,sample_159,sample_160,sample_161,sample_162,sample_163,sample_164,sample_165,sample_166,sample_167,sample_168,sample_169,sample_170,sample_171,sample_172,sample_173,sample_174,sample_175,sample_176,sample_177,sample_178,sample_179,sample_180,sample_181,sample_182,sample_183,sample_184,sample_185,sample_186,sample_187,sample_188,sample_189,sample_190,sample_191,sample_192,sample_193,sample_194,sample_195,sample_196,sample_197,sample_198,sample_199,sample_200,sample_201,sample_202,sample_203,sample_204,sample_205,sample_206,sample_207,sample_208,sample_209,sample_210,sample_211,sample_212,sample_213,sample_214,sample_215,sample_216,sample_217,sample_218,sample_219,sample_220,sample_221,sample_222,sample_223,sample_224,sample_225,sample_226,sample_227,sample_228,sample_229,sample_230,sample_231,sample_232,sample_233,sample_234,sample_235,sample_236,sample_237,sample_238,sample_239,sample_240,sample_241,sample_242,sample_243,sample_244,sample_245,sample_246,sample_247,sample_248,sample_249,sample_250,sample_251,sample_252,sample_253,sample_254,sample_255,sample_256,sample_257,sample_258,sample_259,sample_260,sample_261,sample_262,sample_263,sample_264,sample_265,sample_266,sample_267,sample_268,sample_269,sample_270,sample_271,sample_272,sample_273,sample_274,sample_275,sample_276,sample_277,sample_278,sample_279,sample_280,sample_281,sample_282,sample_283,sample_284,sample_285,sample_286,sample_287,sample_288,sample_289,sample_290,sample_291,sample_292,sample_293,sample_294,sample_295,sample_296,sample_297,sample_298,sample_299,sample_300,sample_301,sample_302,sample_303,sample_304,sample_305,sample_306,sample_307,sample_308,sample_309,sample_310,sample_311,sample_312,sample_313,sample_314,sample_315,sample_316,sample_317,sample_318,sample_319,sample_320,sample_321,sample_322,sample_323,sample_324,sample_325,sample_326,sample_327,sample_328,sample_329,sample_330,sample_331,sample_332,sample_333,sample_334,sample_335,sample_336,sample_337,sample_338,sample_339,sample_340,sample_341,sample_342,sample_343,sample_344,sample_345,sample_346,sample_347,sample_348,sample_349,sample_350,sample_351,sample_352,sample_353,sample_354,sample_355,sample_356,sample_357,sample_358,sample_359,sample_360,sample_361,sample_362,sample_363,sample_364,sample_365,sample_366,sample_367,sample_368,sample_369,sample_370,sample_371,sample_372,sample_373,sample_374,sample_375,sample_376,sample_377,sample_378,sample_379,sample_380,sample_381,sample_382,sample_383,sample_384,sample_385,sample_386,sample_387,sample_388,sample_389,sample_390,sample_391,sample_392,sample_393,sample_394,sample_395
108,2228.6601315192547,2252.433135014773,2370.8122339768647,2246.049756271382,2254.620842480805,2190.9926901910308,2172.7785359640607,2140.019867932498,2226.686562086404,2157.9431095316504,2148.725870139978,2217.629323518908,2270.466895491325,2167.104260792676,2297.901696398187,2160.7989693898685,2127.807561914184,2308.733527426161,2076.1417097944445,2206.607466798663,2402.6908835660197,2427.464436359726,2309.7180852529445,2271.573968276399,2280.6352197862225,2183.1221474637728,2196.486707218316,2273.419149093447,2281.395741606931,2180.886839700895,2331.884106930845,2328.8981329057087,2170.7152163350256,2231.0610418994493,2210.2143073266147,2252.522300835245,2042.0616912860391,2366.994865262971,2406.8601734002104,2164.073015063028,2148.095926087486,2164.588028382353,2044.505821464339,2270.35924456883,2312.459380756146,2269.507557190006,2086.9785286722026,2356.6547172156093,2219.885837058111,2020.5674628553518,2291.7558749741434,2206.901630221784,2466.8354324849115,2385.1937139666643,2330.194080502265,2294.229095434774,2231.8845790621813,2255.0327532267543,2208.535733646789,2253.788682961951,2218.3092660442685,2155.1248774572027,2203.429692703664,2268.9507155866395,2129.312936924537,2253.0827693213478,2180.9340953175265,2084.176544447133,2311.8974871458217,2174.5928071630856,2133.843213843069,2124.474885798545,2362.6699488254408,2273.7645811619795,2442.663935281141,2161.4130952874034,2263.243269692438,2231.3990885698327,2300.9587030906205,2168.4962000261985,2111.132110668917,2258.0925169275088,2337.746703931088,2350.682466493241,2233.5656445701998,2271.751420078944,2220.49965304414,2180.515718306163,2257.9955709545325,2232.4007043167253,2159.617894106999,2290.017552587065,2029.395108066678,2176.042265601959,2413.735145291372,2204.2215821669306,2313.038943271004,2193.43730818529,2407.398218184919,2365.899959755501,2162.8653387931877,2195.5717936629408,2296.341261889894,2304.8269513614127,2123.398270013704,2414.2897750315105,2270.1613741326387,2346.037372678227,2403.932675640098,2383.226838789531,2311.3352967390038,2050.565379687163,2304.636307363082,2301.5038962050485,2292.9749766611,2130.3378800596647,2300.3429772307722,2321.710801399432,2199.7424666354636,2264.921944584281,2181.0621846574754,2174.1653797291324,2342.1730923165187,2267.35430444118,2205.0833027440185,2432.028178046796,2213.050389134996,2249.62154674422,2301.20829768346,2565.1040757389537,2185.894139977479,2221.086276493731,2326.469279221993,2225.588823136049,2430.6154365281227,2285.8516092602044,2233.196400577431,2209.537572627018,2283.745039288888,2280.891555057184,2270.999128222476,2148.2560941736174,2208.3171649612423,2360.283809014937,2165.200724572295,2124.3928123342553,2238.1382175440795,2275.236193158707,2533.110241301881,2246.406920333256,2144.4041980029306,2325.021370003273,2183.681332055873,2221.1979456205568,2474.908531119282,2227.449759882622,2250.7993431823447,2239.1541739627955,2269.568522399616,2273.825458163194,2511.9248791867913,1998.7961210568694,2271.7484989592585,2231.8200746742896,2239.818028434199,2239.935964765364,2384.9426622494016,2217.9099065334917,2231.3233401122,2254.378611939038,2362.619442443457,2337.3172505867637,2210.165552980569,2270.140943132664,2204.998216472039,2369.952952041915,2168.26215170795,2440.2169188573016,2154.98802505922,2387.5466818039577,2269.269482010647,2349.019002044215,2123.7246873085683,2377.6606752715106,2222.4965335062207,2205.46495592617,2242.441942171189,2354.518490787834,2401.022402037559,2309.6497333634584,2240.3617818770413,2097.99455050338,2190.7336613143834,2223.212234149704,2304.417936558341,2179.637709368357,2340.7641634420033,2159.2005152100887,2237.7683834745712,2425.661571461565,2421.189582739224,2220.2100855942394,2057.760754269684,2482.534382136982,2327.9800018494448,2282.278083791769,2254.1997485524785,2203.386343153163,2224.353611399225,2161.4999365781628,2173.586926380941,2060.830261059641,2100.775144851445,2202.9709533773025,2275.830065595006,2153.1195571676253,2095.05568018804,2401.1941833928213,2221.63946309016,2421.2743893882252,2309.2503695541395,2037.7226780683602,2299.402394251645,2285.106005521825,2346.6175167393835,2192.1913190050273,2572.1399384089373,2056.68202509714,2388.0967897659584,2215.074172820386,2195.254312773093,2236.4917417207807,2422.667525040916,2305.0947393062993,2264.2969730482478,2320.258231477072,2227.83934924803,2146.126670963921,2255.8702944222864,2218.039226073132,2325.0475541059513,2268.61639719267,2215.1331179815534,2277.197461976785,2154.2801741330522,2233.6903875554112,2369.760987608667,2244.0244943258385,2249.619908042232,2265.023388226479,2333.503887034144,2217.3724006697853,2311.1250904914714,2085.4413528671803,2040.6186196532651,2515.469031953856,2218.3997734605523,2429.482937929021,2077.019674267737,2255.1677057911675,2243.124958380362,2200.5004971313974,2168.2389516231374,2210.411807025292,2259.695414156645,2232.8998097220046,2428.5597765503258,2286.052400848539,2154.6840238177,2220.8497713150077,2255.3482578373096,2224.1496936121757,2197.648459933769,2213.461376688727,2323.8610828202345,2204.2905079806665,2142.329208259795,2222.144821270022,2225.2501337530484,2234.5348933651853,2112.102098846025,2333.604501802958,2354.440054542755,2278.885070370434,2421.174879383249,2327.5723302518522,2345.8208713428644,2187.0825200625527,2199.9673440384804,2257.613153719833,2147.3511330892848,2188.0134772041256,2187.8572085694186,2067.142013457118,2201.1155959030107,2370.64586794876,2341.465321472477,2152.540414660105,2377.9373717076496,2116.7014057608794,2562.648145320776,2279.266142898431,2470.1771857987,2391.826693592761,2237.7253538297077,2196.1906457518394,2316.621206014459,2225.0567375824107,2609.4893974898027,2094.2232123417675,2290.723475282965,2100.891838807042,2236.563104737545,2120.2761887787,2093.1407404192873,2186.269292102432,2168.552485070425,2169.852138836368,2133.918287829503,2306.2934125797283,2401.1692367053547,2293.710317127919,2187.004533855556,2363.3776541788284,2243.84193122237,2131.3389670847287,2140.793735109084,2260.8744149503896,2161.5804621744974,2320.2730364311233,2242.0654692890257,2234.0249275854912,2219.620724070176,2215.4700085982918,2190.132921106244,2191.0183744810006,2162.718558712485,2378.674071204322,2212.5138156345024,2252.7884774411145,2250.4668273874977,2264.690615556637,2263.9770054007963,2226.794333045277,2179.973887028113,2484.0098481745586,2291.162297648815,2149.9600495106047,2142.5908793702743,2064.9030615320107,2228.8726386031376,2262.6529106167936,2361.064929474764,2218.480133757291,2202.531003508196,2064.0487693484342,1982.780041425069,2316.18106158596,2203.866084322165,2230.447906811142,2235.335482858181,2255.823240647372,2174.592414768274,2308.1904091906285,2148.616638939957,2173.379837618168,2049.7301517936608,2174.757629106595,2242.8225426951485,2253.082651452792,2210.1879597613715,2079.1879682844296,2278.3612845846787,2418.6673623091833,2256.685886726978,2279.6346233129143,2248.3839058404683,1980.819916133822,2306.4027172850447,2392.9520038785517,2336.1909235853477,2307.4874671763705,2299.783292387412,2148.1186931159878,2362.5317406386857,2223.059793299275,2306.82138521702,2154.569316233788,2226.2578397462385,2312.0186620817944,2187.201940645568,2478.425948422875,2238.686410743144,2223.5456033521077,2310.7669826682445
139,1584.5899517118555,1573.5359854729522,1619.7834897265902,1618.3643018222922,1645.1367678692227,1665.9323664416386,1695.6239591364447,1599.9315634898874,1541.141316160259,1512.5183988568513,1627.5330681511566,1589.277062605182,1639.82087073514,1628.6008072032469,1615.9498466919033,1550.2850869232807,1622.255467707208,1710.5040731116967,1630.3371521494448,1606.5975310291028,1646.9732165619605,1657.8732032405514,1765.533960628553,1543.6293054657656,1512.3907976701005,1583.8444018513615,1569.5244193325234,1712.1978169645868,1694.9390795143338,1614.6428336068886,1595.7988413949804,1609.9954859565603,1659.235971820589,1621.4295430312563,1625.081870667565,1719.727566318999,1590.6145027000393,1632.8133188696686,1631.2344237232458,1586.908808071595,1637.7585882997946,1580.1844731460446,1566.1949845772995,1612.6797216216892,1615.1611389769114,1424.3392194866954,1619.781302064897,1590.6566818527112,1666.8304125874006,1580.718997842571,1646.8046751639176,1570.1428813107086,1619.877191413729,1633.0510167926745,1655.0937200704086,1627.6381539632587,1541.8652944713879,1494.9796384276651,1634.892516331507,1640.0511349570731,1533.4064954700314,1677.662785209061,1665.6472131088258,1567.643484361411,1583.6512236884298,1663.8814114041515,1739.97856940786,1418.3017048513714,1600.7266952752227,1606.2916360503027,1599.1677728135012,1621.4389875943048,1585.6083302425684,1653.1903681832016,1588.0603643537866,1625.291556900971,1620.8079097472998,1590.6012095266904,1733.8432364763767,1663.5317485753371,1593.4852373507151,1626.2970521800094,1565.6722424929435,1621.6801138650656,1504.538289347015,1558.7520274317615,1596.5303339922666,1634.8160384333316,1676.1884310704183,1687.6348187957751,1522.2340000523059,1640.7323717383072,1598.5760977882333,1643.4559927207654,1540.2876027223115,1575.6302523332772,1542.1212167981423,1439.4394951480767,1575.866939746437,1553.0575044166392,1640.330150468045,1650.5640282140698,1601.4987976327895,1629.1882019117165,1593.8115522349806,1615.3542545551895,1509.9445322932095,1571.6314795065525,1600.125374745547,1563.2404115235104,1675.507908767481,1574.8045210792095,1540.4015932481107,1615.9428958351095,1636.9668712753753,1680.3156336693241,1684.805982802368,1518.350575718929,1601.7268747685227,1654.0130157108524,1601.8852783238503,1576.2404304440884,1656.2168692154278,1633.9980208711013,1607.330555782792,1678.0944025655372,1696.0309885547924,1574.206820304335,1600.6256347541685,1758.4742672446914,1672.0183116472033,1645.1376984769618,1567.5346520544585,1641.0089414486845,1632.9061839267965,1547.2094135285683,1698.6659978619598,1570.321093187165,1616.2821592511789,1576.0960524456461,1601.459742621667,1658.2107715910413,1687.5146154816118,1710.8563111553158,1631.0676741567468,1652.7158390147688,1724.125141533802,1558.4742982551315,1789.1958570809452,1692.1541417255646,1664.134354832707,1610.8812425483786,1698.9135489107846,1706.0619600124496,1578.678407467861,1723.3054311332276,1704.2295589296446,1691.991574203705,1615.172201094175,1607.2805302007187,1694.9852765410087,1432.4202404966557,1694.6219740727765,1626.5402339162204,1603.5604367736698,1735.8410513810868,1714.8878197576935,1628.8304645707308,1717.5590501907398,1722.8733377427748,1620.43600099576,1640.7877996222464,1701.0969821780552,1575.1713018070536,1704.614132265199,1651.4423891516376,1762.1068270268204,1716.0064112741504,1592.9218236325141,1622.5361949862825,1697.6143279381906,1677.6544617144225,1580.0589442157886,1571.5407225160666,1658.7801085403446,1695.7997009365397,1707.1981512002694,1743.3950368102087,1681.5800447734464,1548.4174007381423,1566.9550908574452,1615.9423007058126,1649.505151656554,1614.4940809086386,1696.1393277923362,1530.1787312115368,1634.3182422821878,1586.178921047149,1582.4161743395748,1553.2458724444766,1705.6708490818114,1612.5132405258564,1534.703279261044,1637.220821433255,1607.948035582809,1702.0001354284038,1573.3189760642347,1539.7517291282925,1608.8068669957468,1505.6907461083758,1766.764674553912,1496.9666531494788,1605.2732896563934,1576.9982844083786,1574.7443564427397,1535.478453533551,1628.1165844005825,1616.613783407748,1622.486227148963,1581.0366669747295,1605.2059149602646,1587.0489886702874,1640.436019528083,1637.00495751055,1634.1683028374514,1539.740461891127,1707.7612082214405,1551.2603073154212,1816.7199920384107,1633.6804171401443,1728.5286482307479,1647.9760653348499,1722.023592047062,1580.564239686037,1700.5975159516192,1679.4850586008856,1649.131479627595,1668.802321042099,1707.5466308533325,1700.4870570000628,1598.7479133754612,1583.6307263248386,1610.3985711321259,1629.6140999541751,1645.8091291683554,1590.16706337886,1708.8453210976065,1619.2939184551894,1663.7929452033766,1745.4183907177044,1575.3121881010425,1647.8299046058773,1642.6055980350616,1634.9172318366586,1497.900267012168,1862.9094737924256,1598.8396015678795,1799.6751251314154,1561.3501893656369,1654.1139131935113,1602.6172843544464,1654.8020676275664,1576.5706041417502,1556.130354971156,1647.935170589906,1606.3277293425933,1730.1120452106234,1625.0065309805348,1711.4198744473351,1603.7277705555164,1622.5476900230908,1558.3647376331023,1668.5323143870053,1552.5266420163935,1658.682156594101,1602.0878921952433,1549.7756423881685,1541.2843906943415,1637.3469896528152,1666.0212159728844,1639.650992254955,1623.5175831276822,1687.7312459661093,1565.2003727180438,1655.9476256005298,1618.4743667051675,1675.1490851431356,1547.8954638223736,1660.9548970461144,1715.4198719001442,1488.0222030143652,1601.6670095188363,1688.8947283501932,1575.3523478307075,1678.1894882677705,1625.0164042048154,1581.6013178377145,1730.875742238414,1572.2301047815756,1588.677901204317,1664.2988967316712,1606.2270397762313,1648.7884995468012,1609.6746269252094,1557.5835015259186,1671.6631590280444,1537.9091894752605,1593.4036044424524,1792.7327711352602,1604.7064431382187,1581.8730274776794,1654.5699283030312,1663.044334859501,1627.010695151184,1639.6953037748713,1511.1998694383558,1643.1360992523623,1528.5863083848265,1624.3020084896038,1611.0411556218482,1624.9154521046405,1606.0624992956446,1661.8473874806762,1607.4256721241827,1634.105342721035,1686.8875291729905,1667.2569633719468,1551.3040100506335,1547.5240749674954,1699.7408920913876,1655.3479317200809,1644.4742157235944,1624.8404097467426,1634.5063579245864,1640.2313543759342,1663.6757886767025,1739.0601201320587,1534.2532121474906,1621.9889425812646,1621.8991719599476,1643.6176708846094,1661.348963747168,1612.5288187074493,1674.917215449138,1544.0865776366336,1513.1828984402894,1566.1400465122117,1672.7380686865558,1663.3744693836445,1639.5595373901406,1558.5470698679428,1600.9833864208813,1635.2988120864366,1485.24614312707,1639.8776792857557,1554.0618664297033,1584.2238535413908,1704.3468397126533,1765.8843957714353,1664.5525416631467,1570.9145054176624,1616.5383995088314,1608.3924539148015,1680.189394392465,1644.0387019766504,1633.8301730278024,1507.304589145304,1615.6480737837255,1660.4186635697965,1610.7944087027015,1715.8142371408428,1605.0690797723114,1583.5398144900107,1689.566573904592,1564.4527024222148,1748.1601948820535,1613.4808061346898,1554.913486774156,1661.8304103124176,1793.9936920472062,1704.6031891845942,1596.7886880715664,1681.9967839611895,1703.0255804781918,1533.2905674844103,1590.9261823509366,1620.3751492044526,1637.714259861851,1543.5392062894875,1648.8021237847704,1596.3682614320771,1545.7810152786005,1635.8699561913766,1587.5485596608378,1583.2181838702732
148,657.0662753517787,678.5287882293445,688.309498662254,675.220655380673,601.1163504637863,653.6544557135677,594.403055768108,620.2239627878937,697.2326497426749,680.4011058802547,612.6458466270687,668.290900916983,724.3027934494426,614.6972118115573,642.6211992490862,665.3255342835771,636.1779025252964,632.6334884398152,630.078616409142,710.8191027054027,728.0937876671695,751.4305267094438,614.2450849869151,691.0920975023907,683.6356317313998,686.2977003667382,696.1028078176042,586.9344272397253,633.0301500608638,658.8637222340077,734.2672718120385,719.3354083422117,632.9892373550534,599.624958989585,700.8342600119287,674.5781553154952,625.245595365518,704.3723575623701,722.9282407266858,669.7629554128206,559.7565242769566,668.989916657727,644.4415327129818,685.169516968833,720.2652475055432,729.4613206209942,592.4644298230065,675.9170321326467,655.4169052979809,621.7401024797316,686.3043370444664,706.8061863221018,707.394451460431,709.6826493981603,654.1239068206195,680.567876345757,716.4137528265868,685.7165804885889,623.278756568623,690.1430015411902,671.7781002595159,611.9914589836817,669.6738109262811,687.308223620347,703.1708533193112,648.0473254932588,628.3741577010479,812.6889524431887,705.7321573671634,707.0330104900135,633.6057989421013,615.1070159070573,679.7595074502456,767.4822682488302,715.7778919335208,642.9168603414729,652.8765892834954,690.8729667257901,701.2440761225618,622.5915369420379,644.4050458628957,670.2431768001184,787.7627347596193,669.6952300859243,699.3897759664136,697.5640673480844,699.5246988794995,685.3397197829947,653.4413956761982,692.4712054652541,666.6258354009249,701.0585043960456,667.8213730485318,617.0176111072233,767.5868637434704,691.1645713739473,781.137671023826,763.2675352579045,731.3417070138063,747.522392882148,664.7332040049175,652.4642874482838,747.5143677579284,716.2661371456267,708.948393577332,715.9344667451029,761.2240684955539,728.3928951624605,717.1328959626628,794.1018725166966,657.0045729648093,629.8654700668253,753.0759236323911,693.6723681716475,731.3913307581253,673.0780608137329,661.4722793902114,716.4365459229973,677.2804024224769,653.3959562893396,654.9251837603904,683.3759375958363,674.6147648458965,684.2971146833204,667.1768338890985,691.4502594177002,616.6067238269427,671.9860776902616,694.1562764792562,727.4334332813768,682.0080750070422,660.6754352812894,686.3498923756183,647.0651022040038,746.8626493422221,698.8020179612234,657.0135615120246,617.7119858524735,627.7450820264507,736.6308214914012,667.1982618209547,678.9154937708173,662.7973084031814,630.0238802943005,714.2686519014547,618.7537055950098,636.2591740714959,698.0732867773316,682.2340756461755,720.670528211984,627.9836441943063,715.4163964819335,602.5485248503804,742.8872447505133,782.4161069307223,648.5197130308121,676.3093107085663,700.1813243802568,753.5272624097488,712.3438030957698,720.6823225281536,715.1340770557297,664.5885030341523,660.3087783964733,677.3040972606611,626.6912524173757,655.1498001989521,667.3210955471533,606.6577291668094,631.3342985020091,700.7252408526482,667.8719131433245,598.9915234948422,711.5531230015497,598.9075133554037,675.0168211317011,565.3966049760202,671.8188177055238,668.9017679967143,720.9916243901898,649.7372128043497,730.6309819550012,625.3300690821953,750.3571460163557,651.0868555896487,615.3522831262618,639.5309701542496,637.5777895191436,661.1440151472104,761.203442203499,660.8518790884452,610.5528195110207,628.2330419980017,671.1509401955543,662.9010128563671,669.7407627489299,720.6702035062932,656.9639591542362,663.7700157950302,735.3446390257518,675.6971706463669,706.4383383754525,681.5134960900455,746.5457249972752,726.9727424390989,641.7762596280177,684.0029546984404,666.6954301897632,690.8919911130182,679.1731823682463,629.861214956863,691.4678757872514,633.264874338211,684.5312001179519,693.5463152991638,679.2652726564107,649.3749528689588,670.0740608492966,679.8972632380802,815.9620050728018,663.3893583274618,651.2427806528182,728.9136568939767,690.9268179709674,692.8080145095387,639.4227548795718,769.2037703929742,648.0620579945244,672.6054004059163,653.6458229930079,644.6698344323522,667.5751022468036,672.4118067699771,689.8458294759025,600.5880305817839,635.8446665251662,638.6746168765144,639.5247205986461,645.2987171757746,616.4157223757609,743.3402099711453,671.2823323605196,668.4753291838277,686.606798177792,623.8275520809207,675.7458186471489,642.1998619674704,649.8327201265485,626.7476221272807,625.0647520308141,729.0018382204292,593.9499112461601,611.3024854730078,643.7211142011613,673.3223496113974,625.6633379722192,676.0502920294408,716.8330214734897,666.9148106264288,643.6890459816876,633.1304205828957,611.8388821154083,723.4960187665671,686.5763352000582,665.4482097070792,580.0371369917702,659.0843641652314,701.201726681868,619.1569560838548,664.220128635277,691.6886954889101,704.8569476260261,612.8766269657598,721.487760698811,763.075217363868,674.4744946447059,681.4179741318923,740.0106949576207,669.7895238977792,587.3748251349293,645.4284343069518,699.2235647355341,680.0563776010687,723.6463403891769,686.5922273254341,673.9296510716492,729.8901162466203,737.6846373168789,673.8963267228556,615.0573769337961,718.554124210761,669.7125823949044,626.1308824061063,591.7817798039381,619.8221546099948,757.7262304975327,739.5111425344885,621.3732440854108,714.2549334900681,668.6849816781828,724.5728596559136,699.1932390021412,680.1029716773157,703.4231130903904,692.89968514232,640.1724484690128,753.3621124035546,610.305672638167,711.8954893836245,621.174102565007,677.8477115812457,589.0314096044831,711.8341452573079,683.5607678948375,665.1173971800052,650.0393940253915,647.506454400296,702.6643095679243,702.4092308320265,639.2013509779832,822.5228190184401,690.4490840379788,623.8130283005605,746.7639503688712,655.1644337039203,636.8255593917431,695.015708328814,674.3566925915895,690.2376785587053,647.0205359331356,635.4085752585506,665.4266960569284,679.2659727092573,648.7784978559322,755.2481463639043,647.2139486194253,593.5805233741992,660.5417672835562,663.646893079188,708.4028246193628,658.0461446985853,641.2593590825652,674.5343553767864,630.0103649432955,753.6620418536377,780.3328520430498,750.8300661512434,601.2869671413657,634.5649020218556,596.0716638032736,677.2266944766195,680.1642990946439,709.688264521404,686.7094567104051,681.9588242054347,655.6651748277951,639.9683161097938,656.113794537068,633.9769207743403,678.8977252188594,691.0287319405522,731.1381347811953,633.5261109537191,742.3421266224193,645.8511357113042,630.8633295613918,674.8066632124022,674.5608185357443,592.4394821677269,627.1339373269648,590.6622613120093,641.4719932613884,664.0742034774618,686.8140348016052,757.2589601218607,627.6013676579312,676.8469914320174,666.9515111899575,663.571731327535,631.7868779019049,744.2794772246465,627.8890421956953,686.1594944651232,631.4815812754692,663.432654928774,703.1196938256695,713.9738562813739,660.7156721019263,675.8242351569415,659.7293252561283,615.9509088572344,763.5359541813432,649.8979865491261,646.0856098013438,689.2328137471919
154,1717.5692216004113,1782.5931032963147,1955.7061959599316,1747.973427234059,1688.6553889778338,1708.7098503201944,1745.16272719065,1637.1847708833538,1740.1428818410654,1685.9972007272077,1676.5286682564242,1674.9858878351763,1791.7399561989994,1658.4733575786609,1806.8964772490094,1644.460690415701,1715.5922648621224,1893.3058665960807,1593.0650721816244,1696.8344481037075,1987.68468398276,2029.0061003335245,1838.9898840665887,1755.8434435124,1813.6464232232693,1696.549682409128,1677.0652794827074,1780.9705807740106,1796.1429255578673,1674.2655085966205,1858.6950455171286,1863.2894664026928,1712.1789858287214,1737.9967429859255,1815.1291034289359,1787.0148553393576,1568.5342117038895,1910.014468731084,1937.6503834490577,1686.5201301308261,1624.7934513424966,1689.7958381018075,1580.6795356066045,1848.9784515575022,1905.940766989124,1793.8939054382238,1582.1001913750088,1935.9380263741364,1703.708808137822,1524.9413036168246,1838.6404917024545,1762.9700275987075,2033.706394982496,1943.6727813778027,1866.4727498455245,1827.9405986722645,1763.7491057367974,1718.8637545102124,1708.6301526329644,1812.7432769470706,1708.5283170803882,1647.604234327775,1750.2210572002289,1767.1018128566143,1623.2576687361734,1776.8837560933034,1723.7450661590694,1646.9638126145935,1808.648314244941,1711.4478304253312,1617.7231780160996,1652.9448924340231,1874.5362317587756,1837.3221200127273,1954.8754361237354,1647.4081138912952,1868.8555650316507,1799.5698127921385,1901.5443493425744,1700.7993798785199,1604.3824482388718,1828.969492097017,1910.1669023030795,1884.8807190114346,1696.2071808036428,1813.2709686616272,1755.2482120049526,1740.7550298137746,1772.3336878573575,1807.5707757744547,1684.3985655040838,1866.6215937442307,1560.795543202436,1641.379419035236,1882.9210031359744,1747.6087052752787,1874.2485727013645,1724.9330695363199,1934.5475838305545,1891.039282631698,1696.4056915657445,1743.3555247642812,1874.2824786927576,1884.6263167948093,1540.7780855243875,1939.7828508632722,1761.6817427365067,1888.1891739648813,1859.6553003387148,1918.6403961328656,1863.4205119897024,1518.5351082273846,1739.199207609512,1841.4009730008413,1854.8686439295693,1715.3661986504312,1865.4540366854314,1861.6158151827842,1760.0565710581095,1793.0305605028564,1721.03783082068,1687.2095747607975,1866.7711554290865,1799.8421655582206,1742.8309279111402,1962.448951385686,1629.9933809335676,1730.3618524619174,1841.4806913559585,2134.8475040102435,1753.1888124435861,1725.309407127195,1831.672411548247,1761.6734811366487,1890.122482322658,1786.1697993320947,1743.1763465443469,1697.8432511373705,1747.2701711642615,1821.9960376199544,1788.0915775538942,1687.9427053276447,1778.9971787158222,1913.6163861524933,1419.1864394779566,1713.4945041945102,1787.9026049325767,1840.5428596674249,2035.5333341409846,1778.5669531813287,1649.7853752511794,1876.5378243021885,1682.4736238846908,1786.0028599744776,1950.167661794924,1772.0673060030465,1802.7590025470145,1760.8202487702897,1798.9551231283347,1767.3761498904562,2075.2374047896233,1534.4876411099915,1835.934426701131,1757.9641232521226,1702.8801788776361,1754.5198325841066,1951.7382806040912,1756.411379254757,1725.8443088380786,1847.0465503218365,1926.303739358073,1843.0786514510175,1709.5863701738585,1722.4639896797253,1728.9710116765,1914.3893855013016,1746.8644920375186,2003.3196058484507,1732.8534522512662,1936.502694490061,1782.2357098800546,1665.225435835316,1578.3125306488366,1934.895110233364,1757.529600312332,1727.9153376914637,1794.5859012955575,1899.5970815113676,1938.5324228050195,1858.6928037570854,1780.1146899299224,1581.1828658965148,1680.7455067118092,1736.9321981109797,1639.7917346306656,1774.3677328827475,1886.1624084785985,1655.5066361224249,1796.0371591958813,1961.1737589010252,1995.7187722047868,1794.5261883892606,1573.590892250845,1907.0968097599523,1894.6842714138556,1852.58253773136,1773.7698327884207,1697.2739102860876,1784.4701485034607,1687.3650108921247,1687.099908781807,1491.0461577867886,1647.0474577910682,1769.4663194619213,1777.9559872978996,1683.6740957779386,1632.7939808565413,1901.7527662704722,1722.6100020698486,1791.6503754638948,1823.119503537171,1592.0998703307846,1862.6250443806916,1825.5771894317068,1904.4795093648356,1675.0631384624342,2117.4089188121216,1576.4516034108426,1583.2870163675793,1698.437083140659,1715.8813826621995,1786.7534181453702,2001.1760943608167,1783.2282168399015,1795.676336835166,1722.1353468983893,1725.542272637187,1679.2224591296008,1784.7140703018233,1724.9079020756992,1891.451344937348,1776.2907140160987,1739.0343240770055,1738.0538442459165,1717.5857171726975,1796.7328207036512,1869.7630572283915,1776.7519618524896,1835.9242771709994,1824.8453326377976,1875.1332680556711,1731.593626107287,1812.8832706724172,1679.0599868464685,1524.511458925906,2040.3360296781025,1815.9053420524851,2020.8988507860627,1520.3412464458106,1792.2246099740532,1717.2989577953715,1734.6549462418395,1716.1245324252875,1733.131233619918,1805.3738452731948,1737.8346119727717,1950.9029849354629,1754.9352301260385,1665.6985034005497,1720.9354869783733,1693.7366140997924,1739.3083847180405,1702.137916262077,1758.793071418346,1823.5159990429236,1729.9239311519616,1665.4738559905804,1716.1601101669073,1746.9006228395187,1749.2583358675531,1643.9366178422138,1879.991880625816,1679.7446116087485,1831.7949273742606,1975.0693457200528,1809.2598071357706,1919.9080118626594,1735.338422159543,1741.4139808250166,1814.7136786301983,1570.2739486376395,1824.5210983384795,1712.5114958020597,1550.8249137131932,1730.5447841949049,1798.3765561605633,1785.5250289612177,1663.6336644584298,1928.566269022744,1619.6062213649352,2115.146982269775,1813.9862152487065,1995.7275458251831,1920.5941671719715,1788.2304039241558,1714.8624570392676,1779.1603376746139,1754.2411487631707,2150.5211615945695,1596.2518276276153,1792.3999959976034,1624.537562967953,1806.6958325240487,1627.3117928054946,1635.2846398202807,1707.347700477334,1696.6818893869504,1701.6490179925588,1677.3829962225268,1828.1776745403752,1982.55548133724,1799.5398158342211,1753.2446359550645,1861.9384605115206,1828.5724230736007,1660.8553504118736,1687.4185351534327,1725.7893662469596,1673.2906971954824,1868.8129768002218,1764.1774724247848,1776.1187719711982,1736.8942286711865,1747.304008245007,1738.1864223936539,1721.0397731967566,1756.036645813768,1827.9034862700564,1673.0476815823629,1851.6035381271126,1715.218483840026,1753.8709503307575,1787.2613105003602,1746.0022806795896,1757.1122743906203,2038.678919259311,1754.0757526874502,1688.711191835318,1737.5584105236426,1576.3794533406515,1724.2018564581556,1738.9497319694206,1919.9861691208334,1761.2252500420084,1721.3979661787396,1612.1490508955194,1530.550650976184,1664.1665501724303,1721.6494601036554,1756.9246927851755,1880.590953868656,1798.0489323836582,1691.0282163884299,1851.312046217782,1665.8122985599487,1671.7103779247198,1567.8180725103693,1747.7186299288842,1623.7157326259562,1753.3948994593695,1711.4946362786322,1571.4045719489675,1775.5043239681768,1974.1062569152898,1834.16475924436,1852.2237842055345,1834.536796465158,1539.4687118789147,1839.7717465547555,1924.0480744406063,1890.9387698928774,1804.4365810685226,1884.9587012754291,1658.36267077537,1891.0692220717276,1699.0503529303091,1713.448363977185,1707.8688428803546,1802.2437380680146,1838.9142590281574,1663.1888531016566,1998.692433266868,1742.2440463209314,1709.2979276854733,1771.8398917479142
164,681.0992114793944,679.6886907390308,707.5743308910821,705.0141819042972,728.126846539198,770.7438065040322,807.9421592941806,744.9975782446775,646.1089532095392,661.3654397960673,757.5964538775141,681.12219055119,723.638911891604,757.4468919192897,682.0002352118299,712.3303214033681,756.1886280233891,753.7490103444107,797.4642848495072,708.7721899116423,693.4670901901846,697.1172341656676,844.8606140828513,638.6107835993657,610.8878834605932,692.2166262242091,693.319478770299,798.4547917115535,778.5473175505687,725.0012178205141,669.2258706855057,678.1978513462906,780.1140127078261,727.4003638541719,719.4960352640587,827.8445748883572,788.8690279780565,684.7060687167137,693.9714306381966,699.1730837940243,763.1229953286287,719.0448979425669,739.9197706110568,698.3802062992102,691.619667465454,556.5172398455377,799.4493640090993,651.1819987506015,769.4869995928857,773.7783637793544,742.0074129450431,676.6533571670542,688.7442462503552,682.7251088617018,737.7736579396347,715.1028666025701,653.7819838713847,620.6985250895729,740.7291474719826,754.2951945124257,637.4866299563013,808.8892974961439,762.811969787639,691.6912642985671,730.4845179227052,728.6546582860523,857.2691118560898,593.0572507024307,699.6020285846856,736.1913136141719,749.6443183084615,747.8747961141518,677.9730720103673,729.8694311180451,614.8291220822206,775.5337123575722,694.9740502825006,665.4783193465986,799.7005768232679,792.8435400869438,768.9153468998504,700.3613602714785,663.4356167927831,685.9520454504004,639.7250096980812,644.7825366540809,682.0094375360552,754.9760357820062,779.4544793705211,798.7060880020636,699.9185201809946,718.1646563455272,793.5041552364019,795.3741143097278,619.366716224562,707.4843188970099,627.7534899590989,576.1111479259433,611.9457783593248,628.2493822659635,760.1884323896762,751.9597470719855,681.8986558219665,718.6355998897563,755.8736549558259,699.5362312195947,646.5830429338054,654.5259469434562,675.5131355668667,631.5933076598502,720.4959845472076,729.9774715523438,653.6684398324777,702.2345965054591,687.3637285488634,840.292554618042,749.8970436894043,592.4416375158263,715.5625554626139,758.581852613783,708.7747292843877,686.4595794984798,726.109196851706,746.4989752754702,717.8837851679747,720.4986441184009,810.6795440509369,671.8229157910176,703.0372319642072,741.4942326219123,782.4971078349914,742.475216241643,645.4309237767762,770.322568409848,695.8178307358638,657.7930090019672,830.3669619578508,668.4102630260268,717.5071944194337,665.9072974599045,673.6776322200666,821.2846850893249,801.3895071612308,755.5082630523938,758.0157529765063,799.3066003597647,823.1652675699719,633.6783566879267,774.9889819002331,795.4623111443742,782.6449713775443,705.6627091409092,815.616142378662,829.6517142676398,646.3033950854838,827.9229899197552,768.8318996245758,829.2260770931513,712.5306328689854,696.4614956089017,704.7081903083111,635.0730143868551,772.8385618718158,730.7728784597161,698.4146067412004,870.0046430343252,753.4303269246261,742.5019422555482,783.1396581850838,790.633997810581,685.1718019442238,693.3599701790208,803.9193346181708,681.8251861793011,808.7030806093018,692.9314515374193,885.1385669277366,738.7046420283032,724.9683029681418,688.2905658998701,789.0929200750726,726.2697673711964,736.5777062947961,628.2453973597395,765.4599594341846,796.603237882542,818.8353060557056,760.8261306167418,704.0239568151601,660.4458706691796,650.073597107728,768.6339068378359,790.0242312291002,742.2642524017094,799.0587095711774,657.5425684954748,744.83244424941,718.2468997611202,773.7259474915704,614.7924238723419,716.8221834857817,750.3429626708265,706.5079211530796,684.731807828947,674.1851340974957,791.0867280358333,695.0884757655957,669.2305172682975,731.1739123576605,627.6525798737139,913.6322759654117,670.1509937669217,749.8484168471927,692.9208980492449,678.616510329192,669.2418511991384,801.1210222812398,664.7050924607055,721.6091440109792,648.7205495510193,664.4699964477091,792.5247282331461,703.7371453762102,717.3868533790038,681.1306376172323,672.9246999541425,684.4145779666147,726.3667958034865,850.9263339883971,729.4539153409073,862.5526184337755,731.3786329035298,751.3334184338195,647.64724947129,807.3765646882312,781.6390867748516,748.3327281877549,797.950600457966,840.4390376273111,809.967185814682,675.0306417151554,659.9017767218568,749.6248152439923,723.3760782418411,751.7699612304199,685.9059736623886,771.90090686084,707.9926444047388,731.0094635962143,813.4883671907429,696.4415427278475,741.4619803885791,696.377103354708,785.7506915026512,675.1371607869909,798.1711344241223,711.5079896096281,847.1203275569882,760.8583641665633,740.1208706740857,711.6121544883098,768.0738514734528,690.0425006081398,712.7700565012921,741.9542939563505,695.1412914183137,765.3372390681802,711.992623912049,849.381476680878,746.0106100839952,727.1783533740237,670.4980760965008,812.169428648972,674.5370622403098,727.3802957188458,702.4542500602239,690.2368288398152,632.732555426611,752.9510814911722,787.4525417226307,804.8435399551314,689.2535518460905,781.0155414773508,663.6293036217731,705.2888835968242,691.4545642812003,760.4518109874666,698.5894779690923,813.7509082262362,780.674009562537,622.5830024547404,719.46461312416,814.3140470085465,755.9045191016479,797.6880460501521,683.9912549884614,668.7011866249753,866.524336539693,623.3303761064607,742.1036919618946,679.7202773952392,731.042779973618,637.175452272302,676.4458595434522,657.0637274178491,795.0133764032466,649.8902943015684,704.3701547104507,746.3412017723448,757.4446149534098,677.6710054362214,809.8866637141323,777.5389268065468,797.1512619041213,775.1872269784044,633.3895472461625,767.8764088020903,665.0063591959396,775.9077681135741,695.2738798331418,665.2176468571047,705.171513692409,792.9995862272834,673.5583561073807,737.9178695689213,860.3873860837888,815.819687772545,679.2357785636596,655.4319833754572,759.880931254717,737.1234503851981,709.3778620602803,723.330606309263,741.4218798547017,738.3068159734003,789.3459218533003,899.0233409505976,626.5258949224424,749.5642821227133,736.0583603287685,717.4946848513196,777.8626573103304,727.7906414653559,783.7986089674903,668.8708488600834,598.1767524499227,635.3134334206203,794.1058059894239,806.9650242469091,808.4875384628696,681.4695310592443,679.5911211801829,724.9926928594449,593.9988095850722,751.853790100414,728.8290427214879,800.6446239323068,795.6975729599977,902.3055959254184,785.8702991395802,694.2176455428018,697.0052804870102,736.7624013966155,797.1557938912565,780.4631536190839,789.1449407104756,660.2223074232849,714.1503056421716,769.946911446132,716.1027099383597,834.631177452149,777.4117333658263,710.4785283384375,693.8321729082458,654.9541078255256,830.5977026764474,709.062109071991,790.8449617091353,736.7572231208037,814.1269780320341,757.9850518127643,676.0719329018804,732.6891869615565,850.5546632317803,613.6385233216291,685.8420973571549,696.3871223330267,773.5523132558075,658.3805977441998,726.1721920615379,712.3581113688367,640.5303272901755,716.4609727432988,724.0372408364168,658.3980692309532
165,581.027997757094,589.949789670215,609.2027673537898,576.4135036162605,632.0513375412795,619.9454557151431,690.7695140605754,615.227217765094,529.4339698986863,505.320743750248,600.4150898762639,615.521522088915,622.6614995677537,594.8272951666935,612.5841619771278,561.8077160349427,675.6719432688168,677.4476438635808,630.5730893238112,565.1368061730245,580.4586667606562,608.3953481771915,668.4005305053768,577.6425356349682,538.2779314990795,545.1174847303731,557.3969663076729,630.4531865316391,638.4202131387327,592.9002500966915,608.8000916855481,585.3150782216926,655.0777934530108,623.5084149578163,579.3516934016706,661.9728384586648,614.7874988989668,672.1291489456993,591.1967228065599,621.0111483311838,607.9775421864106,604.9545354450444,609.3288852344357,633.4577521230249,606.337407419978,525.3593514540902,654.8440791339141,572.8106026701263,619.1341686957587,624.308931963152,665.0786662352031,600.1902375569598,622.8263302555769,612.3194517651036,635.2084193777988,612.7487817063361,600.9794781913837,536.0082166466555,661.7294681098696,596.4322756686423,552.7015555565757,631.2862703795649,603.4623902994874,625.9988500066132,537.6443883270626,641.7466954266788,675.4499267570908,475.11641233900696,537.6020010730132,558.3500738769432,624.5917277224297,623.3927941707973,637.0971797085207,604.2486989602805,582.3191069804329,621.6166473729459,654.8987579646581,623.4221501248147,641.1701692924573,661.4599953589814,629.3492568092265,627.7125565289231,555.657441200706,626.2128182726839,557.7961316166346,578.8752627180921,568.9577513507268,620.9968108093252,642.2282465590553,671.766402110346,598.9385922494038,627.9528408082465,592.0120365575959,645.8762403260445,570.9232882243112,564.6817539025283,535.7957005038546,488.1096006457754,563.1305583185601,539.7606691442553,599.0199024628887,649.4194078356022,582.0021999066078,627.213679403761,567.7104494245941,661.2559551479891,553.3707361264,605.1942361504442,567.3916165294434,551.4300791864433,626.2309228004203,582.6419541794805,501.9668686909301,607.7915916634788,662.8442512652,663.7199298496332,692.7171575081422,541.8593841847555,588.8976917654447,617.8426419812475,625.3821078596633,588.0147429736758,590.3040568323653,627.0197717896611,582.1585138894676,616.5360115453268,628.601587485929,575.5347730913946,566.6156938970162,692.6158177462892,636.3998770043696,599.976388420311,587.1088079290806,595.1143661101289,610.7600993758167,516.368446848945,643.8059173297705,621.4614466948394,616.1349107133543,643.1160518147874,654.0666411292507,667.8386023951858,660.9214204488403,754.636884543413,581.8758042040993,680.1298747893243,709.2060541065997,532.9195402054179,765.9494934893103,628.7982587841543,663.581898218933,600.1612481146932,686.6705072165615,643.8237745058517,561.3803345973406,624.884204947012,709.1325327208405,709.047323733105,591.5712827725938,560.5456460861216,662.4125685310826,515.2304123356072,760.4665305808595,597.5172294732938,562.7918452575401,709.7799182350021,697.7899934209526,628.5553730733814,706.3642502992275,717.2151637114815,677.757406258665,614.0747765943553,729.2765116311567,578.3628147971971,712.3469070033673,634.1257204783835,808.1452021717835,680.1025081374622,612.611073796474,620.4738348639726,734.0582566894053,570.1564922798281,542.9407479094225,592.3419558864088,613.883362359871,692.5811474059045,609.4953495665093,659.0018952507484,642.4832123667394,616.5995381689515,571.8403040574286,598.9030529523681,627.7042394123021,539.0148496502424,604.645779180145,530.5485505763863,618.3273331780861,624.4908539671479,638.1736623216594,595.4845268098641,699.2129064143504,563.1709654171607,567.3149284191923,548.3611688624783,630.9605560198238,645.9262383117806,625.4458325902757,529.3089686283727,613.9227444295356,524.0166958574533,669.7581634082946,569.2537343727581,658.9653118224603,594.9954459614603,592.1653382002373,520.1820159157869,640.3702970069216,669.5854871957358,601.3253482200721,521.4348631366429,596.2698936196252,581.7963376635004,588.6770518854478,590.1975096620823,568.6708443839701,559.7063047347359,634.3603010149712,564.7551353911192,622.3226316119877,594.2863075118744,636.6146660424739,648.4601925223865,661.6932319301427,582.5867941122588,623.3912608110668,604.0228799601427,665.0983284213893,672.1668680875538,646.2200825918784,653.7969137605334,560.2825903066497,633.8055262109348,640.8151056153769,584.3958106939489,604.6192587597081,604.801469698115,658.9352735528121,612.3431200366388,693.8895209028899,675.6492783005118,610.84973142225,645.8731914695628,623.6755680383798,649.6926431655924,554.4767562369747,768.9672069388199,601.7241587689123,695.3707538886412,587.1393685126648,606.1560821687085,605.9205661617054,642.8280321207953,567.7317654568316,606.7772161862815,574.1051716948937,596.4062714814658,678.6961893948062,605.0700738924786,645.4921923429843,600.7191454069617,582.8123772905251,592.7978407789584,672.9876294102521,598.2128754401484,609.5861461718437,588.6966022432621,521.6091873910774,511.0035338367096,654.7569221880885,676.4919306911793,629.1449638384543,614.0849061987142,612.7562605233388,565.3609508720605,650.7453319164186,596.6053014963793,613.9162518044378,576.6804920964728,598.1648671124813,669.6886167579618,481.31257790210464,644.4501363073067,673.1420192863199,645.4656833303668,650.8597453882276,554.3315298342035,588.8811578147474,684.9556719067511,602.643970970921,571.6209610211548,669.524079101703,548.0561054689564,661.7316423964908,586.0896054749471,609.7425873118099,634.2953701707697,554.4408291168817,615.1304739324967,707.0536084244328,599.5772438909303,587.9969650024661,653.3921626112481,628.5859722288183,662.1907702444425,637.3301324399538,549.5689321547828,643.9291131715039,555.3934713600132,582.097938012425,621.6797038475218,619.129591274096,581.1241449477911,633.7986400530966,556.3191439952295,636.0665598361609,675.1561759379032,599.7324332821722,515.9789911577735,581.1807635390516,668.3880848801879,629.2334588302027,637.8106347158603,584.5541984037136,653.1220701822238,588.1076684927722,640.5569571972993,744.5457623655905,532.2179836056683,562.1194116576828,612.6342983681025,597.336897230968,649.9735588659704,610.6639540093815,657.3615682514593,560.2389275960205,482.7154936765488,558.2875899601173,658.9930372199054,681.2023802434544,667.3384781949314,597.5979709787528,586.2163148499556,621.9025338162921,585.1952809376237,653.9991048519491,559.2540691533407,570.9759725448522,604.419897227413,680.9399355179636,603.8906676198128,599.9507580476931,602.2058952355447,653.2823846690136,615.6023777763329,656.1069497475755,605.2874166512001,567.3201150927334,638.6253458067033,601.1541820416843,599.9995254916605,686.1134155028959,575.4626370139678,582.2165715669212,688.731267034009,540.5113222538301,666.0929931373603,622.790076169033,601.3765740022172,590.1350511494874,703.2279374021288,626.8063962462954,609.7065764917037,631.5849346832077,681.831202894055,579.3559352659922,587.305376131941,572.3327164809994,587.0794646825278,613.7405983915581,633.6513641004257,634.4288778534144,565.420984988109,612.9837414445915,625.952105885359,564.8064449306327
173,431.57354213648466,442.6582623988211,432.7376733634771,441.2938862600154,398.3579713772304,460.9404495494943,433.7384680918254,437.7033294818448,446.711179016647,445.17494534763046,437.6831178483336,435.77734718414786,480.62595401762655,423.92046522367514,424.7307568424639,443.64896943953653,451.5081891843873,436.59476290798887,463.7076408751583,478.474876752752,456.85762340293746,466.3377630786457,436.91596225556054,426.2545943658442,421.3885688079164,459.39251829388877,458.84965233259805,413.43566853191885,435.89639929109,449.492130951192,454.53743343350214,454.2412095416557,450.0477868065512,403.0174243304641,484.7852492172615,469.99401050119917,455.6119871842168,447.60484254670877,448.8628912265879,450.90449648589487,393.2210020701471,447.02935984021525,461.04575112279775,442.8931008673436,460.3199852906788,426.1728898169504,431.0232580424127,412.27632409672714,456.26113317860114,454.76817820488816,451.59603159943566,468.68392173263305,417.31664349472106,448.23606354396935,434.5215614540747,439.047220899386,447.9856257336052,416.22732868688723,427.3089558046423,469.060138775295,433.17573953385744,447.22709777637414,476.50337638271276,424.4520203482584,484.5911971782408,447.884636653763,471.8269366134177,522.3093065044907,452.6546382706717,504.66374297192704,436.4313577946977,442.0508694845845,408.3177239972451,520.0847600655848,423.0568629514501,444.28875042220716,437.4047117367605,463.25639754054606,491.27806635148073,448.6408244132305,442.1758806278892,443.5583681874221,488.7182671512571,428.2946871912613,430.6518644497982,439.69019601041975,465.13020708228584,479.4454893089005,443.90245404869415,486.0933593309204,425.41742905915197,458.3919271086583,490.88275778172385,421.4504112049078,442.81640555015747,456.0886067778624,487.42356476770266,471.2785103409816,441.67629109743837,451.7809702811891,471.4930155931809,450.0501912610772,476.0460373529119,471.170294668608,493.0089092465248,424.0515881911699,468.84220339771036,450.26489266682387,436.1090624273277,495.1856708258535,450.38859769451784,450.72546295767785,465.52579249059744,445.3808471931502,481.34236007618966,494.2824184502831,445.11548691697726,445.82705296095185,458.33824119555914,442.111241962568,443.8176212467873,457.45775420516685,439.5663220176323,448.02652505673484,447.11903604610086,437.2925849620598,437.04917060817564,436.7113956963822,444.3750463252851,454.7157265433962,488.984248568592,457.28040140078264,431.47583327431516,452.25832218305237,451.7755312828263,428.69051591474727,466.3546292887942,404.4805216125342,407.9158484331424,466.3312058889092,429.1329686306718,485.3479487215437,471.36999354623083,419.93454066692436,501.1369051524641,452.1164112492872,453.67114683844665,452.61518479820427,439.6713645772156,498.2367231544292,451.7157811497869,455.3702727730658,435.60640906136183,534.7528722023721,451.92669785142334,470.04797713653414,469.568208309906,476.2771659103756,491.14968276292836,468.1646733718693,448.20733682678525,481.3397746894034,457.4030817951558,447.83179314805915,449.7554473005677,441.141996814357,437.38386862633286,448.9095946691281,432.6276735031229,450.72298758961745,441.4253353126573,434.50404870851366,431.3674720755941,457.87903869186067,430.2510326594589,435.19268253268456,431.6335809720896,433.0146150963871,460.38686853947763,436.49268785460055,453.9250221637288,485.66864273598577,436.45860033349265,458.87159503063407,449.4271702726744,446.9362865083683,464.8713347110222,437.3962932140669,428.68863603920335,456.24672560397136,436.610558480184,439.3916241363878,437.23489452396797,450.06401981380685,456.5510980411833,432.7519430206649,451.6273880928079,443.72822834502387,438.3689498532444,429.5277061323748,434.39814381751336,480.730410131312,467.79300876077326,443.44524328479736,462.1215874832173,436.31223557827,439.0755285932474,431.7862436840966,459.3268029771432,443.491960792149,488.0570186894848,456.23859930851137,449.89024692727287,466.3959831607651,445.1769761028675,449.3764705323912,475.68196062952586,408.6831424941406,456.4636488547147,478.34295527634254,426.70309834597265,477.25156370250863,482.8191556600782,458.08971769640107,444.405504965735,422.8865416869482,469.727825857976,457.78217147191003,471.99162914898733,453.1206507845556,476.241137031818,459.8562053589223,442.3215843682299,437.13637917290185,418.95373710369483,418.15340129896265,430.10592123796084,464.71612230743216,455.98658120711303,433.71657662981414,473.3132498995349,440.90809136999934,441.62985715034085,455.3907732209845,455.12051348284564,451.16295025607286,433.9652127022551,435.4394822380301,433.1823736347953,447.5039603484966,450.9127688431967,413.52568755944486,406.72090880561683,471.0095253002255,458.76276906423317,429.85601155442964,451.32651275737254,486.24337964190164,456.733122365849,441.29820503986974,413.8196749211486,427.659471564297,498.8298676058236,441.7690019370729,450.7051091386396,383.5684496730788,433.3090182138446,452.078152139651,457.40932085375715,441.3200429931773,460.15624518550203,452.39706547569426,430.878857498863,455.26876876169325,499.0663312735237,450.7443638707595,460.8752533839816,474.43139929297325,456.17614534980726,406.6872027136992,466.39274650290884,441.44191049025596,443.61483136224973,456.5070000399617,421.6447680001168,428.9030412839312,464.350571258081,481.4316238547643,477.152618748835,441.25877472749517,466.02686337881266,448.9236946277006,466.1561118449888,424.1561727043348,443.9867973523216,479.0016548560061,451.8246003829672,471.796366368041,443.88335769790115,468.82911485532895,418.4933807657001,453.3783582930258,414.56577476063455,428.7861902613758,442.5446699784729,446.20055448475836,450.82389612008285,404.5306171298823,452.69724383538284,442.0379540889245,432.5943086232009,437.3493517293752,489.2688369667189,479.1205073860463,488.730177026478,420.6325252793848,460.5006616340383,456.5782038958741,501.3255780257245,404.3551215847216,504.71224886272375,440.83699877831765,443.11245763600886,460.49682477833153,437.7080043628848,466.15874302703867,507.8096174517947,429.2632653135682,456.20128341974225,440.06672716350374,432.55228205058893,458.08327038447334,464.06697754063185,442.42248212676566,524.6152622103339,458.74645892340436,448.1446555819701,409.55802490542635,452.41389657006636,475.8937839936797,445.0363533565194,419.37205690516635,442.56697573859975,437.4406780770608,513.722368551448,436.74491565341896,473.0632872380906,437.88709908598884,459.0754515639934,443.67850321899175,435.18297065086267,439.6578717497061,442.0706161935804,415.8248196513559,478.31910797872484,470.11505707925994,483.0111000618437,454.2465812079376,474.54743016518603,465.44166279871285,444.9770800030975,485.3127939775669,431.84713779013634,493.9453493547784,457.67498486471743,444.75432139245055,459.825082605094,468.07219467204885,403.55914657517263,417.0399266758635,431.18441631097727,458.9801122005958,421.62566030530235,449.6928862896322,489.66919681435263,451.4012249168992,455.6937190605822,490.5566206486795,439.989512604794,436.5503326326548,502.27085467723725,405.5597525362963,465.9412768231411,465.2067979810488,396.6789170688814,464.3284807412545,461.8578730892,474.11938891819517,430.71787683878165,446.0693003668206,421.22968645385237,444.58921879847435,441.43443424250364,430.1208836105485,440.5650369986137
176,1191.6170288719727,1194.0402907463344,1276.4673510762289,1245.8991782832688,1195.476292675603,1256.1632312185664,1324.089778037276,1208.7960053379813,1185.6840718469805,1153.015162582527,1244.7733419164492,1186.04690901182,1263.6195138431358,1223.2956349973074,1231.3153824453166,1136.7243413104466,1269.7574110146045,1350.448563161875,1230.6101434737234,1220.7093847247254,1324.5243772218334,1336.4726583810766,1373.7682693989873,1146.6127127817774,1146.7276921252815,1208.1116551560174,1172.2647618854314,1306.0831991040034,1311.8151937894756,1217.7202317645012,1225.3602527541416,1258.820161919496,1269.3430352333585,1233.8995256475082,1289.996873224661,1337.1741192027134,1194.908544219524,1273.5367840087456,1271.7186181120344,1206.6759888968706,1214.6854993487875,1207.8313584046316,1194.820883844521,1279.851177994108,1298.6598247143804,1060.5372562760654,1198.7392139359288,1263.2652148357065,1242.2725649329334,1174.9994948852686,1281.7814065912469,1224.6762780938843,1277.9677914893946,1287.5175216904038,1283.7883134772242,1259.2025844063146,1184.6605824518415,1102.5772554677253,1224.3951051887527,1280.6745943677452,1155.027333311364,1263.1249044028873,1295.1467496574342,1191.2338495824306,1182.5246198769396,1280.9585289087336,1342.4859895139286,1081.320782266646,1220.9232117762504,1225.0050540649545,1185.731988133665,1234.350013340477,1207.9913598664314,1299.143563345855,1243.2646564734305,1199.7544577679,1280.626303275745,1242.7272403770844,1403.0675679787091,1266.5153222514352,1185.3928783574206,1281.0328090724745,1230.4658068890656,1257.85419675482,1087.8840456517385,1214.7704613423755,1238.0165224695766,1268.0839765712585,1274.4949015102761,1328.3382114077126,1144.8582972441604,1283.6983872781454,1213.2924412158611,1210.5470040507373,1161.9970944288725,1211.4649078924535,1193.4936194971842,1088.979529684147,1224.4495967309806,1198.5551933066952,1252.9847233045575,1275.8352702686987,1276.17061111856,1269.3611268478578,1132.593176141164,1267.8055537118125,1140.79881248795,1213.5859703590768,1193.7395223784874,1187.0819080561087,1308.274230735246,1152.8975345006345,1128.6420679073096,1242.5090327669557,1278.0395240168864,1334.8961210429065,1333.251225650417,1141.6421273259434,1231.0377227681356,1271.8584178930091,1219.2523839957867,1197.191441183789,1273.3407070172834,1260.4500631067795,1244.7004239141029,1316.4573857902126,1224.8532589024844,1183.4067438094353,1235.305974365321,1399.8479681893646,1305.2382598355125,1241.2575891773618,1199.3368586335334,1262.0795466921659,1245.8926731045676,1165.063827885052,1280.0719933840426,1169.53929883376,1211.3793555894774,1215.8798546317494,1219.975115565702,1268.302337875399,1323.7502742265694,1328.4807687052405,1056.1205930252713,1291.143081924287,1329.1652425544585,1209.7458309694239,1376.8899343045184,1309.0286219431994,1256.5709094929418,1268.0704789086406,1279.9513324527838,1338.454472755639,1211.6112339800259,1336.7039808827005,1329.4544690253274,1287.4663016350935,1236.5073112245163,1232.3887093602068,1344.4006097003512,1077.5368080324404,1319.4188010210225,1252.9714890544928,1199.75947293209,1334.536384331305,1355.726146463206,1254.9203154713773,1311.0722233018698,1376.4159991767585,1263.825205306609,1257.8432284519085,1273.9031264114635,1164.8215855065637,1298.7505798916702,1284.5142972841886,1379.2610740849273,1350.492804280263,1233.9447455362324,1266.3121294554496,1295.7782569623362,1196.0136128906745,1146.1719700008402,1232.595460155908,1279.0402891018473,1290.304272602991,1326.3914738130766,1365.9010977849255,1312.2913544528733,1197.8301118205045,1206.1723825354952,1189.844363284752,1227.912107927158,1235.6805594383557,1180.5982536593638,1220.1126279767354,1267.7025939365042,1188.4128164563049,1224.1905952828124,1213.7046961355866,1350.1631066796451,1269.8028372748167,1150.5780294017902,1226.2351248646644,1251.5434194223296,1333.6284816534985,1197.4002849605802,1147.069169494699,1246.862884790408,1135.0876991359814,1340.0758481253818,1065.1241051844734,1243.8738318698847,1217.000005634376,1196.1553232101598,1178.084826550202,1236.4709918530125,1227.7525593597668,1216.226525661114,1155.763246811512,1232.355737933482,1206.4262267459108,1285.7075584385548,1267.3600383566418,1279.8932066727486,1136.687778840482,1366.1321934350105,1168.6170858592218,1174.3879870978094,1230.723379983681,1323.729551830609,1277.0698967207534,1383.868014797911,1193.5259668541146,1305.2585586818825,1222.665191019707,1250.550282245074,1280.7334625940293,1304.0577898138465,1288.3361946280772,1256.8396794076978,1196.1597935601092,1233.2145650673888,1210.1698145119442,1269.0806646796707,1228.5954706638238,1295.7901857751422,1243.0458663706986,1303.8601247358315,1365.9025178081165,1208.3831682145947,1249.2254471247186,1262.0560579883454,1284.0674932447944,1101.7288844449981,1462.8433885925626,1264.1691437528993,1464.4323870183753,1124.5305008437106,1266.6884306624713,1202.8545810036549,1274.9341478684232,1207.9023294552808,1180.68632827459,1279.8107130860901,1221.9142071501667,1341.86172460823,1222.747393330734,1294.0670805999941,1204.8647991147845,1213.600260936184,1187.9759116877585,1254.5515228404,1199.2897416198002,1279.769303190329,1231.62641591808,1180.1453182699745,1166.4179193979087,1240.670417534552,1255.1427867915856,1246.7224893664322,1268.2185625803522,1186.4724974278774,1211.4649502609566,1299.262280432536,1222.9731755193304,1329.1098901280557,1198.0369023765559,1268.1593742233224,1332.240327686853,1040.3501489878506,1288.3328459985464,1285.98501720591,1157.1081455360302,1285.4596209632707,1178.8529638018656,1178.5476616563076,1314.7614550961016,1210.7799681947536,1192.366586265587,1324.120223543676,1233.1910710308814,1265.47570675075,1244.6153946183745,1212.265719524674,1280.8590871689235,1138.5364424958195,1218.3672265360174,1405.2302344254535,1198.6660265227858,1189.8146314447038,1256.009094924596,1300.8974946124733,1216.6410733849525,1260.341935322506,1143.1239570403595,1249.741009834573,1165.5114535749544,1248.7482764288675,1231.8639897022915,1302.3226564689626,1227.3876541228433,1286.9897301415856,1215.6029874424485,1286.0918445739187,1276.7819562641225,1283.969227119566,1154.1778134914168,1166.970981740021,1322.3233217939792,1276.6567842600546,1266.1129126186645,1236.8461224614425,1249.7989389171928,1271.466858453502,1272.4866583149596,1363.9358896372787,1128.905516197622,1194.1865050750348,1280.7071273375304,1227.5669059366205,1260.9064144406175,1219.590150442897,1279.067827943975,1198.2226396892722,1186.539561272068,1176.7232096645814,1286.645784734852,1308.5188632322158,1233.0633146572113,1173.6345704814726,1205.124879025258,1277.3259604711434,1127.2231467591178,1230.5390451419107,1187.5482595364886,1203.2464977218503,1177.6710155156927,1351.760843957336,1283.8432421239215,1280.6473462470199,1251.9520007244907,1220.103661076074,1317.7405683386266,1247.092233381133,1212.203432438507,1134.478066688841,1256.4038826998767,1179.1194932371702,1211.5165907030505,1298.9623286072394,1189.8526188852138,1194.655100372705,1326.7272365047775,1233.3564172252445,1368.1653328376026,1264.796682205717,1176.557296991426,1287.231363911545,1396.477550511112,1349.0648364516485,1222.3266776325704,1334.5521428614568,1287.5455808955667,1166.8304588725066,1190.2227607854954,1168.296693291668,1263.9677779105468,1215.125053441549,1277.4193285756078,1187.0334506201928,1193.225980272778,1252.290166994429,1168.4902535068113,1177.1154770793928
182,489.91485702766977,518.5203858783742,555.8263432063212,513.4759931091787,439.36043962873185,500.07903238582185,460.84256049640436,474.56217278773073,532.2321260018798,519.9207919723603,464.53266175740515,498.2961426488369,571.3054527236253,458.0206595047885,484.9352384951288,497.9771962217873,507.84229620004066,505.4407950905539,478.13485751850936,535.6227153742857,587.9180139533472,606.4912288544685,476.32236995130853,534.0275406899972,514.1131624849584,526.0213667157299,526.7206644358008,437.8687302608564,481.63436321181365,502.56526398292687,581.438164254967,572.9375010471514,481.8222820012679,445.11927763837053,557.3966283312017,528.3875229539829,469.3421545955256,563.4070286935471,566.6779905285663,512.2880382726387,405.0319894695018,510.9400089212381,492.85279607963867,538.5078408446979,595.5299442657773,553.2531237480788,435.70432086782927,555.8636480151498,496.0851756344856,464.38218005945936,536.6938855354335,543.0457503735281,560.0407448471999,563.1315891603783,506.5620705264095,524.4014221500597,564.5629210243358,500.98938343882486,471.1243353321525,544.2450689597631,499.3842686915768,464.4238543560389,521.3316507079617,526.5202127850918,530.1341100509667,493.84319675503366,487.5752468670794,631.5076853607901,550.8368981313018,515.4805807764046,472.2272246311163,466.3931557198974,526.606097626209,609.5341339505186,567.9771035623712,478.81745043566633,521.4452821382296,538.7094784496181,564.2519895097388,470.77496067142135,484.4071183780552,524.1362561660656,634.2003461092311,512.5809810375421,521.6126744127387,547.4768740030778,544.9468581748436,531.9233182494049,508.46928436421274,550.0557405304421,503.98378643780916,565.0440249896899,510.31705534474213,453.04579610853074,595.2863209887194,531.6819993605303,610.5724504373553,590.5261743929392,569.8634310396162,585.2410651887404,510.940289292672,504.1676448491919,602.9844042291209,552.168731265098,519.5793685713453,573.0559086283381,586.9460161928265,571.8302100179139,553.3276647998143,609.2462019579748,503.22294833420636,460.1591507845271,564.7004521729401,547.4834935531709,575.1084401979853,527.4203418751076,523.960788016723,543.3833255130035,525.9269042843182,501.4618839665113,499.38073059858283,520.0137122406804,518.5965302841322,537.1800116344772,509.5052148911738,536.2661753135479,450.92707602628366,503.3368977122876,531.8347881358213,589.0126139943033,536.6679151419502,508.6972382806297,529.1130954098497,499.95067461980886,574.9637199958978,537.010094138907,508.47244907599236,457.42101813405446,472.7102540208245,579.4629787432468,513.1392037897414,528.3757590153907,523.9738671468535,492.94776844190375,466.85301012179355,492.59037944083184,509.6486964718736,529.4336565438745,544.7180341342519,568.5560416301887,480.0680734561631,562.9577291593961,456.4457134916751,595.5161009518488,607.3114011122983,499.2639432270687,532.9154105533088,551.7271042061365,595.1190116889513,550.2628050975536,576.5022253788951,544.0352995991185,525.0534572253541,506.6124350616809,499.1233210688778,499.5475775786319,512.2238461868609,515.8312600880264,459.45634255320505,503.9090120279116,552.2811155620636,509.96720822246203,454.56491416969976,530.5237735203099,454.2966166680537,536.5175786440559,452.029123777506,540.7105122011628,523.2452834856635,575.0936750775007,499.46783526184134,527.5083091645004,452.27181547758835,596.1544005068664,500.0477278551578,460.80615094749834,486.67813408021914,486.88561273119245,516.937739052174,615.2183380242852,512.0481942624726,443.68656742222845,470.160112616756,523.509396195186,461.9393609783648,526.4002585099054,570.3990848705741,502.927866459888,529.3601636714334,591.2784536060692,546.8847565926958,535.6156387488967,519.6793656596698,572.3652662266593,579.5181199270976,507.6674691126487,535.8295149873301,498.53636582278386,539.7915917461701,504.43723974896835,478.83819988978104,504.3211072075397,486.2514633610209,530.3819416976185,529.9981119883886,512.2774654663889,501.16370658792226,516.1613144701457,519.1087083697694,600.8473080513985,503.45861940561866,501.4945241748033,578.0102284838546,533.1509850095839,536.4849435853891,477.2767073014232,632.2147414686551,491.217868745539,460.1108868627394,500.189103613261,498.09504705838026,519.2441529924826,546.0828193015459,521.5465903263906,457.14963547803313,473.5852930778813,484.63718316731536,494.13974988376685,504.308918394834,468.37915434755945,586.7173412047505,507.2844465971532,524.6802248897149,507.8834130648983,484.6979815811678,527.5374436408924,487.16045915930437,502.8465402493325,497.7700061358362,473.72514225762194,575.322743441017,456.1375059139833,460.64439774487266,509.160241598619,501.397797864345,494.03273321029326,536.0689309695641,585.7913736834233,479.7980773166015,491.8624355541842,466.1698363417701,465.9430683597855,553.2786359711662,532.1818736840072,508.68252381553964,435.91972997667733,512.9289979095927,527.6007920995772,468.16009929113153,510.4917154787982,523.0655660106208,542.8044963419536,466.009938367598,572.0884384845418,598.9052461267217,518.4136950278155,517.5210242872007,557.03383090509,520.6305692372745,443.8999485434112,496.3334994575487,560.2018454810749,495.9005286503185,578.3859597514679,554.2450005143884,514.9770376239799,597.4815586507117,571.9839459994278,528.3350635696027,474.62150138231226,515.7632123199098,538.0846141834838,470.58088707746026,439.51942311733325,474.4826428153713,569.2715860660985,564.2119282350156,470.1708033433561,548.8156640489134,504.6592873388657,591.8374894357278,548.1223208377631,539.0055563436101,549.9665184408461,538.1271822115725,483.26527940043127,578.6027721556458,460.48534435845977,576.5943422709657,466.6073924343958,517.3065220243707,448.1306923439293,563.5956741209949,522.1616058466716,504.8287238565725,485.31315080796315,503.0078056427278,533.3474820830434,544.4173972650473,487.6009188832305,692.2304241957919,532.6486325369802,487.0439754586917,585.5030287579872,525.8271207056771,484.080828473107,542.2067218941636,501.9149584077938,525.0486570065124,510.3005628883642,490.8086044236475,514.298245910217,523.5784513279843,504.9575161898208,594.9590698025066,497.7351460406736,472.40239632061173,484.47201782776847,487.26864821756567,575.4617360132634,494.2713035651322,493.0935033096682,511.04733475064864,485.9704193080542,581.1898366583913,623.7651261879852,565.0029560856866,455.16997990646456,498.7954100629135,449.0349552794841,510.93474086667715,512.2507753141283,564.5254777009408,526.2793943444511,522.8186710466003,502.85883481613513,481.286331842569,462.8530784599932,488.24398354285364,526.6544126300405,552.1459610232581,572.1295262114047,475.20829209423937,588.6408909617143,490.9874759776457,468.3298198465894,504.9168046614034,521.8664066728064,413.2835063473538,472.466560785252,448.47396266780913,479.4757654446632,513.8429316762265,545.1688823443758,602.6215074707493,495.86490096235565,529.3607568939683,515.5929937766615,509.42474032747435,488.5612691186361,597.8634838175977,463.7824042462474,560.6126300145131,478.2524909108268,505.39479888097856,527.8361334801896,518.1918974124869,502.3189224043087,533.4227895191601,510.98485898701784,454.9014961933658,600.6875816534313,490.5118022304733,493.9025420489878,517.6526946041962
184,298.73525019984487,297.76488291647047,312.37675244040884,301.1819169705205,333.7993110683669,338.8966802263284,385.17363032011764,339.34139183455034,265.8803294035323,265.49840680889184,333.37279693567433,316.1588996775272,330.12003890162043,330.55646207000456,303.22405848592336,310.04480788825174,370.4315883527593,349.28414112310134,365.86838534978966,300.5847474969764,289.51227013448465,302.7003253541536,379.8786857526836,288.1237385550233,252.3596413853901,288.22404510423934,297.01860836202883,350.55457812875915,347.99123103050385,318.2196332266858,305.6701888927209,295.59614158494924,361.0870756984797,331.6749021462582,298.09799586804166,378.5205574606857,360.9634482902568,331.2437706152524,299.4080924648537,325.9853172269918,338.7411633367295,327.09239941986215,341.5145454271078,320.87614302424197,310.26293889764776,239.44708534883517,380.2811405939958,283.00915963622884,340.94257658403967,361.85636135546616,351.91264652462814,311.4781722416731,306.85573840019333,302.48359233814244,337.2429079957283,318.73683147790706,302.52466784987183,264.80791983015337,354.8355566060993,329.9770789541617,271.41256382445675,361.11608830054087,328.0320875168903,326.6871309352566,299.37764926675817,331.7784313860612,392.544272121034,245.12432954138592,285.846621930075,298.433774207341,348.19104691163943,340.2882816605168,318.4289394116105,319.8484099876394,270.5668776485899,353.0525528967636,325.72342289375183,305.74021334975436,351.3614806419405,371.3200358688516,363.4642212059755,318.3159525139674,280.88504028130666,310.21167967340244,284.98531556014694,288.5965662166838,291.87473991710533,338.85435921203253,352.80073935352874,377.65097275673935,324.81204140583975,322.90322334383205,354.44947845959115,374.22885178406267,276.4521095684883,302.9258522767322,259.5106312886607,239.88840778792,262.09383602671886,263.36430299845506,331.06972394624853,351.81933640381266,300.3819227787349,317.71644537911504,326.14119509320625,342.9962380927853,287.6144389145198,296.7645621000836,289.3586697129595,258.8044438054646,316.43892386041904,323.3741248091285,259.98065519252003,314.8082526610143,331.95882325812715,389.3197036929413,364.65259010101477,244.70827939916168,310.92119770597617,334.72502819116465,326.53168410716245,304.9083931571741,306.1558495752328,341.76391934914545,312.52044531151955,315.11554875382836,359.1344737372196,295.3007624014224,294.65705296962904,338.8961466376691,352.9039908211496,326.2447997094502,287.5761967919318,329.77938679295397,314.72267364052044,261.349118045354,374.97217560596533,313.6644270966305,327.5924720661498,321.9238203953314,325.84042402802413,391.08973390443117,372.3357447658743,387.67997711520087,328.8987448791463,383.2146998681816,397.9652670596595,255.48952276629453,388.3962213962761,354.7208764487667,372.1912050030991,310.8469867131534,389.31912249298233,375.60064342851234,285.0791277158406,356.48149622465917,375.45373324413947,410.5226004472543,312.0281824324768,293.4544085625443,325.1741972268091,275.55307653206944,401.68174308720506,320.05635028460887,293.9094747713022,419.2322199004226,360.18562812403,343.36295809853044,379.5481166788172,384.0851266541688,333.80395895714827,308.5193903641346,404.4105701926777,303.39867911672997,395.2482252052571,311.0334357193128,468.55483961814,342.7765624912641,327.32921415255953,313.8669876040202,398.9196119115196,302.6293362624384,305.64261860821017,280.143623356571,335.38259764283674,382.41268468179885,346.05224362879613,338.85955553243895,318.1252849588156,312.34537534503534,278.3755882892084,339.3031510267795,357.6028392421708,300.4843361967778,343.49871257604343,268.7847539208639,329.84500260189964,336.66178307066536,364.11907319652033,281.0785603268855,342.8421025687415,306.2819736891793,313.77418767117587,278.82916451797183,310.51337399163236,353.40440147214554,329.0727406902963,276.42135300020067,326.8308166436887,256.8561354725438,410.8401152282135,305.75845422949465,364.5948750265068,308.4463806659094,305.12246699592987,274.44100110500585,372.68930300314935,321.90085786693857,318.50294273879865,263.1004564788329,297.63215996269895,346.2698192874971,299.76076542211973,308.0749089033212,280.3485891475944,293.04156703239465,301.5444812655875,318.02146408047014,353.81118815271117,319.05755579223865,379.21467932174454,334.53982845867495,337.4339006913085,285.3052961484568,349.3122688280618,339.067506785249,357.7269282710778,380.009131494902,374.7588058308525,366.96401811131625,284.3910000920293,309.8706830690033,353.5612712125875,311.98993180742525,322.8262149447357,304.70135959340166,349.5993609518422,315.18768447998053,350.98484106176176,366.9118513434493,319.70689083485746,343.50877543088365,317.00534287101544,367.53381862697154,301.25722326654704,386.1945578147105,315.08229505702536,387.0185074946562,344.61571806259286,319.65007640893856,321.11036101959183,351.97596205695737,294.94282960879536,330.35874180934593,306.0471371350768,305.91271263955446,355.4859211405628,317.9837362116476,377.1516619882038,335.6971193993892,316.8060043662983,303.77592506340176,385.2630011188544,309.36694488139324,321.06483508750745,309.60370990768797,279.85270214116053,256.4560219130702,358.06354993067384,373.8863067657901,365.77114241262865,308.5205323879431,342.7021798242545,286.8538806732893,327.0496740474416,305.7037557843122,333.0539361695865,309.1886822826636,368.25658945382867,356.8415957239968,244.09270680281816,337.95711447244474,384.596999528524,369.52082070760366,367.9445255539341,282.2276604698268,300.81061402183025,404.2686374343016,276.666187074364,321.94250007796904,322.89180824459675,298.23207326870084,303.89009602523817,293.3521081261324,309.88754898334315,360.34529610888285,284.2237136790236,320.3957917150044,342.84788769729107,337.4939287689183,298.15097541789186,379.0824258524693,348.23061290113014,382.1299509793152,356.98193522237574,274.72416831350586,354.63546429832763,288.8018744893952,330.63190902149563,317.07407594565814,303.4894910345892,306.4603092176032,352.87455009213653,279.1049946008904,336.6710365532538,405.6070060769862,348.81942627636664,270.7124026502112,292.79837154201675,353.36348796916815,333.17840815902923,321.7616113066594,312.70577503209824,350.25969643819815,319.12338914199495,360.586851482699,448.54014701728926,259.43536093947523,313.1729921887068,328.0478075639649,311.2637621396109,361.8685102019015,325.70111334405857,364.15106009621866,286.9787812397106,229.5629142482952,273.7364877490256,369.5428865345276,384.65800974311026,390.2222443460211,310.7206161474425,299.6910632439665,325.3019058876733,274.3713473472494,351.7305027094007,308.11836713608534,344.05798139116035,339.0938199205772,411.7374155898933,338.7537384023272,310.33775170288345,310.1082974903692,353.33415898139214,349.34418908285227,368.59300796238335,345.5679696612941,297.0484078358485,331.0776047576972,331.9567104820758,316.3991631692546,392.2847903084227,331.88444417927474,310.85572956804106,328.1286592014212,271.2487354450337,371.1700512350885,318.6481857506856,364.07446616516717,309.4514902575272,373.6145241698369,334.6668558376642,302.8540208378083,327.6802242674052,401.4801336702175,269.17150381527733,305.8054271331904,299.5108794786776,330.1161961445948,314.44406919141653,332.8542924814868,336.63611326213487,275.1832976194482,322.20818118122867,340.72175494964824,284.09611000074534
187,170.31219644644952,181.9773680108672,174.478700080014,175.20929911546764,159.80206842268674,195.12394875356514,191.23513092404824,189.17986465238064,175.7152015849662,177.50101024084537,187.82811670436402,170.889204902803,194.03878672739773,179.90348638449524,175.36835212975353,185.73311438522882,195.42684131700457,179.6013320811801,206.68474050923226,190.813819734932,181.84240859416238,182.7162477226944,189.00927786890165,159.30812443224326,166.16210461820597,183.8944568397834,187.80325935938487,178.36599176395234,182.73946199777845,185.61131941713853,174.18597547770042,173.67170534415143,196.42207140518738,167.24785342563547,199.4953401390801,205.8801857686049,203.99946161463086,173.74046712248563,175.98366508572744,182.05186242106117,164.22980987956248,185.71596661504844,197.11449829086374,176.5374555491103,184.04806953878258,160.7942286518464,191.2328578707621,148.91355045090626,192.78085604369983,199.5314046195353,186.6180489711091,184.89351957230724,164.59616611882066,176.742152840671,178.2609809103347,176.01019663974532,175.31256532842895,159.99910103957862,178.91990693308117,197.4039224647244,169.243729855811,196.2393692160012,203.22910104474857,169.86007533384532,199.9757478889969,186.7032312273266,210.26973164198242,199.6855936934848,184.74710277166375,216.19583365813168,183.90861382253613,190.28265815724316,160.70668520160584,211.2812894657856,154.3778591454647,189.40025193066083,180.17934919868358,186.5537565625922,207.3073808074056,195.823881957713,187.96430922602863,178.46261304044572,191.41319808621185,170.6629902062962,167.26728847778645,166.84310491708965,184.73549060113476,204.81459291706219,184.930066997162,207.3980845039621,177.86357371222516,187.1348670249573,215.9155360067232,176.9532615417705,163.56354899479302,188.73830473240062,185.6354045504229,173.44463557845344,163.1944260107877,172.22443028129692,200.4734798397572,186.30445565882644,187.09502593163444,198.15207154535938,208.38678821034802,162.6302593984799,185.09256093107484,174.3542546314327,165.93492171344548,190.1620407934563,183.48855122770848,189.00081407857868,180.55957134035282,177.9553508115978,182.3056692881302,223.28631311506854,185.40166000509282,170.4239871557664,189.05423679733659,188.0195949881401,181.1003956091919,184.51069646427777,181.8424318005191,182.76690195551384,181.2846148189473,170.35020187059945,185.9700731154917,174.83511158817157,183.85751527785592,178.20728190267812,210.89759243641942,188.28242762519181,168.29837500962273,195.7451142321141,173.1555968728481,166.72431438073318,207.22595262562996,159.97892557646753,169.35366286839883,183.93622295004397,168.26319957287924,218.41644328282132,206.44898707855808,174.5506174676506,210.6627808489885,202.80699285368144,200.6375782451859,173.65050797096637,174.40984378457944,212.21527932641968,191.85680480953644,184.13717131522415,193.54971043866445,235.0107962632257,162.72455210780802,205.78355340901348,199.2974132346818,208.55278404697788,199.43986400121418,187.1052848040533,171.61928486247876,195.35525819263347,196.65196254814202,185.453497920957,181.8206238356855,203.4900230659165,182.93828625524282,184.59970304168257,183.83919893027203,190.797256163408,178.45727586461246,174.37688993105655,189.01523145177342,183.7807572447306,188.25946789879782,175.36362511650867,200.10575154410304,174.59359939389657,196.15761692677586,167.009755410019,199.3508577953853,193.04209492682307,182.60875689167483,175.79625123864326,192.40492112170827,195.47659418477693,203.0236359101043,175.52871049044037,167.2941625439089,180.16220860541716,173.305575390686,190.63662400985118,188.8864260902227,185.6824450881556,196.5996506345156,179.5994205460141,188.9522818328207,186.60561524334832,193.84853764279046,157.8353007011999,170.22632491828506,213.81578751919972,195.24934762398013,169.6867415877491,183.14114055794948,186.0132784366788,179.60131605083234,173.06174311361016,193.2741611999772,174.69846784004918,226.2107539100861,186.6315182289961,192.2467612661484,194.81730135191026,177.82584633081427,180.41926063424484,212.13123128688682,160.74952183604537,185.35899090856384,179.97850373505017,163.20051280501994,213.18598727158408,191.48624004425528,184.01152875750702,176.42977823526286,175.25702318545785,173.9571914761775,196.37264976218887,197.77523019053945,187.4824904902437,214.7594813863033,201.1913507922814,189.13249132197288,169.39265434676355,181.02137623663185,174.36394725827117,178.9567607688264,201.3542721533384,202.88066248344552,187.5799266812525,183.02325974420657,175.78033182768806,185.08242750604904,184.3087663173156,193.5750660406073,185.2172353886289,183.24558145243526,180.52016683203186,180.6241633125024,191.78580931408646,183.97290861176663,175.092620216614,159.0930178685163,207.27665668918902,190.80631104315347,168.56653146855248,184.7863033909184,206.2146010048774,195.09069061620391,182.95219529690613,168.12584701126178,181.88541981321384,205.98283032224447,187.05487642812233,184.8979346852409,155.57417166898568,177.6946716157784,181.02250905979798,204.40570697491455,184.5504237517947,187.05328283249816,180.4609156026333,191.2076540043282,183.32173408835533,199.38335835868423,181.3727593558405,187.39668406553142,179.1380895393314,192.8079817401493,175.8483779684618,205.7294538667824,173.70868850729119,183.24347163683706,177.79549424778483,161.18938783682043,166.7010576931794,192.447028626418,199.13799314062146,205.7430824358524,186.71216429105723,178.68044900230313,187.75037386476387,208.63308100833459,186.5395882990122,194.4064402758469,187.7944933752096,174.38159682798099,214.65094182157924,170.46475555215108,196.17465062849732,158.5355219642113,188.1152058553732,148.9400673488696,166.2906662505698,170.38186623569055,190.45850281895022,171.98479677553001,166.85125598475608,177.0464862367691,190.6443687675497,174.16505886690686,195.92208024715617,208.2149604485389,210.95960265490768,211.87351965939283,166.4349639560228,201.4694843456347,183.58701183669123,219.0568519171519,162.09438399569225,191.44833063563843,173.19189469003035,197.23533291334599,174.55766725435387,182.8296866614864,210.6052829840617,226.34583229555017,171.89532097275574,180.51529281934063,181.50147971059639,180.02779714500141,186.1869843219457,189.39341996327698,188.67441127712482,212.29169171284082,198.727431829074,207.88367973620004,160.33352556281122,191.642752292162,200.9815022930936,177.07444242020424,176.28508437410702,182.42130534147392,189.12816420527054,217.1531872194714,165.27784428176858,179.69560068407262,191.77211679527062,206.82667131839156,197.7218607865556,176.5486332297396,170.6866058674521,177.87982075551724,156.88762524737967,207.05522693586465,202.0532601210115,219.2247172272056,192.623167585462,217.27884299028457,203.6756024417477,184.24115627709233,195.34104235785736,178.2948720518521,209.95811108989085,194.74433547085656,198.4368192727211,186.2290224427164,194.36635094666855,169.74290865389682,171.02922676610697,194.60253947293774,200.28269855715683,175.2524858319279,178.54208589278176,193.2563344451768,197.0148658346005,189.04912608985612,222.0073352376308,178.9325326763053,184.8749385348606,204.1245513250496,162.57609824424438,189.49365530255773,210.35435972398545,152.52629256417885,182.79627981094242,180.0874935001107,207.15509462012244,165.91239867035333,185.38148970235596,175.65625379655418,176.61529491169316,177.24862689608207,179.62112034000515,170.37024969733744
188,50.80344817892541,59.06381838335726,51.634252777936325,47.15749861079603,44.13309321409134,46.236472389851464,54.393660849707864,50.91091839565706,51.11929420434964,50.80498089049276,51.26299392058657,43.214673804870884,44.90513584275446,49.56118179979259,52.666287014162826,53.43253888272702,51.334274269988214,42.831359942659525,53.32014399684349,53.333760685431926,40.928468427401796,41.993589521884076,48.9829837991292,48.42635506050754,57.77913929395625,40.671291881446926,47.71356124360228,53.02040736928007,48.28639462256371,48.53501111527751,53.10323428298909,42.69711725545892,56.07015614224049,53.01792238440774,58.748661921485564,50.6386244463779,55.117145693554214,47.78953780323314,45.27323646300481,50.47576219219454,41.960577394734614,50.47477466712606,51.99556938688605,50.36899883462597,52.42687328747434,57.78480883757621,52.47035243831235,25.89406063375827,47.864839074150275,53.50296637284325,51.05546651519944,56.62143345860135,53.22747354584017,51.02998432367957,48.231238071032436,49.699124460399524,43.44639471166028,53.74769148491988,49.13179916274437,51.227966345235366,51.786023569717436,50.19356669275322,51.3624835661897,46.616206632744856,51.00300754679279,53.69962109733473,52.978781536420094,61.65917935368748,48.7896542180261,76.29598779854962,51.28135235514594,54.01880862456485,47.686551666143124,53.019856382064646,36.17063190520939,48.52706048531725,53.741464908460294,56.87320195743529,49.54351234389218,58.263055133000954,46.27634571238205,49.65350636380365,52.598405157921526,50.645950167880095,49.09279799362655,41.85001276084578,45.766807520573,53.89468629967652,47.13001620863926,52.20260651489818,46.21794999479246,47.072390395411865,46.41397600279781,49.47636972263786,46.3865313635569,50.20225602844186,55.837368305107205,46.3367538258025,44.98158742400878,50.64855855137343,49.87504669233239,51.59436591024331,46.40351326730133,64.94764343710098,45.7553678111981,34.37882128788712,50.055145309177725,56.302140828145475,42.09185099937933,77.46889386850549,52.92459619188917,51.903304995584065,47.74909844595828,45.943101719801426,66.07420564933662,56.19258214556138,50.12536721359636,64.50764477290733,53.95468230199428,47.994747395293366,53.14957165192878,52.07779140124073,47.922897265147505,45.62374579059115,48.48985115656646,43.82424411963126,45.99900963294085,46.713171031744636,54.038012686161544,48.14548905191643,55.56759867341165,42.61281173274075,48.26323524813291,53.38573110303968,44.8455867163035,42.05901250574439,50.056826263294646,45.6639324254699,44.03754659299336,50.97117691258411,50.58286558583039,59.00151365595125,50.863028922821606,50.27872181848277,53.199513746728144,49.14409478303324,47.37182792418832,60.97665355262102,43.815830953093545,49.79190636074357,45.151585292944034,48.440523606186716,53.22104299800239,54.116422503261454,29.39927559131341,57.45116306361508,52.07352372236888,48.86532407812592,44.14760033278025,46.22657486193425,46.10455521189265,52.784334635545314,56.96260365879263,50.26617612483354,53.40282558511539,45.809294103804405,50.65481714339226,46.90966167118805,48.8339432969506,50.647175429266646,53.4957030607615,52.78222245748642,51.3985596428084,50.28498864426635,55.14690210783349,59.8659218227498,50.86722479347206,45.0280357892516,58.789965012530295,44.747206796511534,53.232513094039795,45.964933055128505,50.23056405053584,48.879387001178024,52.325114143589175,58.01672703598168,52.596645926620084,50.37341785671626,44.63943879157733,41.596789815841525,51.40963772722598,51.35765505682403,49.0449090525094,37.757190706155406,49.80735041093668,51.3882459823176,51.76091342285368,51.0185038851271,53.0712387600704,41.687864470985325,46.97327575414508,60.33609077361965,45.42765560430152,43.46738408800004,51.62183963206346,53.15626513809092,47.318087659073925,53.853870200254384,49.9336677273334,58.411311366949185,58.22429722450756,48.88485155804723,50.85814107456065,61.28458099398985,50.137493798928745,50.621979050354405,51.62694256046612,50.655195054594486,46.85789009463874,47.18434347674214,51.696840277192535,53.14383845086858,54.08890424898882,54.461173241469496,50.86059950492978,52.70748250853246,45.06849984534102,50.554377886587744,45.64662638068846,45.16289886676585,50.27973122499933,60.96932545184953,33.81648703392136,47.09144964932831,51.38604343155088,33.07547783416905,45.7160206400009,51.314850443285245,53.982333983369934,50.849868609457296,50.579384678341036,58.471448082950744,46.25260709219239,45.689452172222865,53.01722363587054,55.70368904476278,59.0848032489449,53.36487331634015,49.90705977914968,57.65948855948954,48.29048330039167,46.21539454973854,46.14930762091512,51.926100022490814,50.57740094900627,39.23207520552621,47.43257025528914,46.33261969528271,48.72321697215039,47.94294681019885,48.81036562614602,51.15589495378792,61.15946990048212,48.911972547962606,53.122492862692184,38.23210540559924,49.96668326372893,47.12464373091985,50.16076489169686,45.08538218305721,43.594203083649504,46.16010274724254,49.146246371796884,32.70722388178037,46.78253351507954,49.9786461369157,53.41768192172077,52.434300633534,49.70698667700768,51.863968433768044,52.82583247781446,40.92236805667572,48.01285207685264,39.96694066157654,35.21022950679416,41.72492597242707,34.80133640314025,48.95450927518062,50.85574384386965,54.442749056435716,56.68995300496646,50.746129354035695,58.3677473024731,45.586113155132885,50.8733394557105,35.436377525755674,43.413642591306065,58.88486744198182,60.146221375671395,49.008899024189645,41.07716880472524,48.57021003194392,38.510405916915545,44.59364180836804,52.22144146062517,50.5661279847742,46.81380704156743,52.35103717656036,46.896732485860156,47.723826613063906,51.80524963218362,50.636041015432426,49.43194792740086,48.43555286461297,61.92122750660658,52.02244076788513,52.34515733963383,52.2288597304374,51.76645392973928,48.49149522502018,34.50982983689095,43.36194543102066,52.360934009348775,48.284689383065576,44.661722633866155,57.40037775090617,50.894853038501815,48.07670426419203,51.53596927757623,51.25843324013785,44.623714431097746,51.73946511432472,51.81972073629011,51.407526825103254,55.93379237084967,54.228945319089576,53.612033654070174,50.134100508821575,49.12667077084946,51.262029507165934,47.19229314977028,42.254341970044216,51.26820906407652,51.8152121072405,66.09456025257496,37.22033190708458,53.4472736616485,53.37652059197862,51.28712282225187,52.70578715988843,46.441661090206146,48.26563376118322,46.27765328527338,53.7174876558723,58.021883932444496,58.1736647350978,57.85860299294235,53.62167709231882,57.59173391156949,55.51455356854694,51.02100212055158,48.58754699298432,55.56279111981185,47.89621810630994,56.01904822457769,56.583003665127364,52.14893547636525,53.19873861659645,49.128373026552886,47.8750002715626,54.61157812769623,49.44536457252836,47.767517689926144,50.69091812133618,54.15661061007609,57.516794795074404,58.16116871162464,53.4793331805921,48.8715657396699,49.647321989136856,45.04411353441709,53.33398860080641,44.356885336692116,55.46991218072089,47.047606263976576,49.93917055724121,44.083719928892705,57.451934961176576,47.62375663175281,50.20328468719016,49.652885985329114,59.31414195685657,48.077654472070044,46.31366961708419,49.71025890994311
189,511.679316924271,515.4023531222009,557.3094971521693,548.137446846345,524.9280517312353,573.5702788593055,630.2662588371452,567.537692729151,498.2414593284948,503.273463584927,582.3824903742,512.2316802973377,559.4714058344016,570.9791760411657,519.544345206189,521.5163647437894,591.6806952679102,591.4430350436819,607.1333990992263,542.7323746261311,551.0294550849877,550.9750016352474,659.6167791203338,470.8464573018782,452.1314974771983,529.7101374948743,521.9611541518605,608.3649023862909,603.2166095259944,552.4608341379828,515.161539473881,537.5975907800662,594.3170972446013,555.1547660540791,563.3715005894344,646.6645362053428,593.3474540485178,539.47213843186,541.5605812561719,534.2311189968461,566.2322285522478,554.2255889059702,567.9769840433277,554.4293624799616,552.4025132851814,408.0637635812306,589.8407925286734,520.4263250757003,569.4744034454621,578.3909726926261,581.5516667144398,530.5912312980834,542.9175000600299,536.0056225691138,575.1779682434367,554.5795106034034,505.3163939862101,451.5819097154,552.316962080351,590.3169699628828,479.66346529109313,613.0688082734448,595.1046406138996,530.6905976948784,548.4784373509989,558.8485979018033,660.3980472338591,437.9291585502061,519.4485345163705,549.6659800819684,557.422850671019,571.8942032824564,514.1023029396995,573.510321864422,484.01892688665885,566.3790684869541,546.6761508869981,517.9609030862262,643.4789032956927,603.0267765995765,571.1888152114761,549.5675687872848,521.9556769235612,530.7057511580649,450.23132447556384,503.3450347272188,529.1721239553431,583.4543533780122,591.27228586108,630.7535877918965,523.5510505393029,557.8006403092205,604.2245271574834,587.6653618199172,466.62024821355067,539.9510408394577,477.6354005373332,430.6703039361686,469.0656597398422,481.90996848193845,576.8387490021469,582.3993318597353,544.2773536929761,554.2058266407756,537.2901078270559,558.095963818064,491.59786028062933,506.6131771529117,507.96721209995553,467.52989643406164,561.129424741909,536.0265594787262,481.64733498246665,539.0494647050289,546.5448140717367,669.182389691508,595.3101971406211,431.0334083995834,543.510738723058,582.2736269098903,536.6200889075358,523.8673883386303,543.5410720604211,580.3283798427734,556.5780027233084,566.2881700758439,584.4846371617548,506.10332287173554,536.9488949740434,589.4434345908618,608.810991479817,558.0498957932186,494.38603495120145,596.969476568685,542.4686670137612,489.1861865912944,626.5993921585473,500.2475620833941,543.390501793813,515.2068968862618,515.8256026430198,629.7563158498804,630.1187162957774,590.4225293664746,491.8483239631794,617.8530018940221,631.1841000094125,479.7682994492641,598.9208135043813,617.9639858609804,593.8803983461431,557.6328979767138,617.9231163456321,651.0275186685341,503.8303961103759,640.5569603294633,600.1478743958407,636.0197461814444,546.150839849717,539.3306149756229,556.574471913663,479.30198842264883,603.9512325519008,562.0015789371669,525.9610985073963,672.1493076324654,598.119578586938,571.4164931953642,603.7104525933605,630.0368215027872,535.04695096793,533.9468714106575,602.2975260974937,500.0397087578589,616.9917431621723,536.1825590047257,691.0529075780099,581.6291805881957,557.7249842720612,538.2093053497829,605.8999332992097,530.2087907959735,532.1986445687688,488.762369140196,586.0944626130163,604.897733125397,633.7314627779327,593.5209141434901,550.3429929926364,516.2951115610637,499.509323904217,562.4677392792534,589.1232380914955,561.7448372271746,553.3669486763355,514.4689551356411,577.2426487308305,545.1422210938812,606.1254354240112,481.4496314481773,567.5389585449648,579.3682246045132,533.0519262292748,513.0870798438277,520.8026758841994,615.2775980319882,534.8873017242472,495.9902515447685,564.5462861444851,466.8921987302336,691.8137065765218,474.82938945313657,584.1400373817826,530.5658745271385,518.8200621737002,513.9165581509623,609.3876428142332,510.86209483657564,536.8833233134308,477.8539586209205,514.0718897286248,602.1563961691387,550.6599264057004,557.0900490502072,528.2473408587523,498.31760530401675,549.7214216194659,549.0070019024905,554.3746693033349,551.5363475113488,661.9436336272876,557.4971348283512,596.1119856922458,490.47406939808405,616.6839148398308,570.4882436643156,571.1898237093693,614.5866917027224,642.9168147106656,608.3058279578953,524.8582279059558,499.30885839113813,581.5563997439903,538.154245660819,570.3880646215541,526.5337075433177,586.3510940133183,543.4279531530049,568.9125509397136,631.978468854601,538.0589733553678,564.4722977869271,543.5583690326532,615.032098182626,500.7850192280797,631.3562843563687,560.8895085283708,695.2537439698758,553.4714869666882,561.0065072207558,538.8639812382529,592.733040778424,523.6192335266645,544.3810586103923,571.4491448912976,530.0409672874805,596.1907994790257,540.646869614263,639.2546033175977,564.7847618351028,548.5814168695239,512.2008021411792,611.5971172587201,519.3697258285372,564.2070810669592,543.0709681869403,528.9856723757692,476.86093589550126,571.2935672639541,592.3326991425349,615.0515780178205,543.0432370253907,552.498471830583,511.3296847229629,558.7574027565918,525.3330389178814,600.5599317295549,538.3118872588879,626.5907071959584,603.7064598176005,420.6092394243444,574.4494198999388,622.5949462206067,559.7417277389189,610.7437709325695,485.3531182930449,502.9326045689967,658.5206230023916,476.2386016077324,558.1540740576401,546.559076771395,558.7575299695686,490.6186920588265,523.5982965412802,512.3850483650378,612.6183875928791,478.3333974975103,539.422253903378,586.5351368961531,569.8752793108278,508.117071403216,616.7342809035554,604.6130756385144,595.5600469442996,596.5211500893681,473.349673517546,583.9424318707709,506.59532277706137,597.1320073488642,532.4808186127528,535.0373984178922,541.6163947405732,608.5764771619617,505.8622347858177,576.8745120098032,651.3609131868823,623.473761723042,509.07951848646064,492.3745672125,590.7991724556068,569.3236054223989,542.2411324920854,549.2647307437761,567.2993408517564,573.017099065034,604.3978050872129,699.1766222615602,454.9909427938262,543.3176302664143,580.6434109450265,535.2515472547443,596.8047576313653,546.3345861899503,600.1661078577114,508.60364612560136,459.16009307472916,480.30696432036797,611.8306890831732,631.5740611207756,609.5914149305405,514.3964252208439,511.7380735710885,565.480914460512,447.07019300421615,560.5079146274595,559.4177870257937,608.5259301388048,537.8190434779253,691.6059773596962,592.6459137726498,559.7546470560899,537.2356645298091,560.1149697952919,631.2423135691947,588.4005985413282,581.9038754577261,499.71378188000136,552.7061955369471,542.7072632770607,539.6846209470234,633.5904688744574,574.5358544205462,539.3077135173127,545.477760826226,513.7204140626661,644.0968200597871,552.9587898139522,599.4250349449401,569.5876163282041,631.0775048121411,604.0630817829157,519.0243548262886,579.4104630808025,643.3828931195885,464.41462072154025,516.6202360042884,494.5183693979397,596.9442220030505,522.7216540617917,563.9987408529566,535.4876033935186,494.6169855012139,555.7808545859515,528.2622238797344,492.71635445507826
190,445.69099782996733,455.30823387089686,472.16884218396825,447.2937967496806,463.9754115848104,471.68644132579055,515.737759409556,462.08709265388217,409.7111692438513,396.7349956016245,457.15505778131296,465.5238677685035,476.46515316242073,445.73798409538347,463.48463495094427,427.6202882520465,511.5448560281534,524.095721589287,475.80414700274537,442.71792408171217,469.42537991107315,501.1074829386315,513.2711738184329,443.05120629735336,419.4674804449217,418.9844057726423,416.0301884577832,464.12165917431616,488.4659677290104,450.6114386795836,468.21257347388536,449.70852039431867,494.97309528586703,460.47886710421966,456.9392153431272,510.59844697079734,469.2332498599686,519.7090118908851,457.055520447692,473.7715103427222,459.0320325298151,467.75568558464335,474.45561430660933,504.24240219576416,478.91521951556,412.24356241798233,506.7121758122602,452.1745404072911,468.367494274636,486.2341910613014,520.5124403272531,483.4839452909428,497.63894881117835,481.68153276945145,488.5047825222325,479.6120999415641,462.3123074202199,413.14793719683405,498.4082390609504,456.6915194441999,426.83573119348364,474.4858339235657,457.8888334277342,481.67001036637237,412.5185134684655,495.72250995281297,511.44536859631785,375.8426173317949,424.23814289389657,450.9283207517407,475.3281529886361,472.1672732648935,490.2507288702855,482.1952411061828,463.5211099389975,477.93115683287886,499.48929714107766,482.170492555502,530.208383692188,500.1468772112503,480.6407129646659,491.77111290681205,442.1580899019801,493.48143900288363,417.6013725476094,455.9978785290718,449.41327069528745,488.3435898621338,485.00548793523535,526.5491253291701,468.1720703847302,475.8977324525398,471.6436015210992,492.47693852862295,450.9424152812581,446.3753432692909,426.4997500394602,384.1460906102129,445.80322693866935,421.8886470748664,464.0321334928595,496.5247754128319,464.90984184353243,498.24851037337265,421.23330722416335,524.5192995256244,431.63342709655626,476.16042874672064,428.2367656853921,425.76245842344866,490.35302862653464,443.9335614894706,383.67732952951997,469.36697092493387,512.7520876367176,532.1048922350708,546.4663487192026,421.70528671895056,445.91396978050767,476.80086705240393,479.03263868646883,453.99021427957337,462.92094618530433,480.637249933858,462.6621594145242,484.68228581561965,469.84819417285047,445.41576388913285,446.1828926324106,539.9140405459909,486.6830857999104,466.57066635186715,455.21158828419533,458.17249861537636,461.8908847071843,392.98915939604757,475.5038214799973,465.35273752473887,457.67521448269827,492.98154285857885,494.4102074734805,505.97803293102544,498.2340403902326,577.6740589188357,420.4640921088442,520.3474655094916,520.614309032693,428.9108971450145,572.7229082200396,472.5688988239057,509.1654332641069,472.45901419840857,501.655919438468,499.08424402214575,442.1678028778832,473.63418248239617,552.8246659530253,531.07252975823,455.13874954433817,431.119320491708,527.053139848618,403.81929506694985,579.8144146752185,467.4120548901194,423.5776198776494,536.1782005656962,543.3330771553518,476.0439041514513,539.9754019772627,574.5602497234743,521.0638534404378,456.7101574236023,544.2205264186464,444.0859537766012,532.6515074232007,476.15734185662336,619.0785313851951,516.293267137576,459.3597306268655,476.38402610088485,550.0484977942084,433.98377983056196,409.0620863172638,471.18954665531646,477.0967065737257,528.3059751347555,486.410340741317,512.9903796768541,493.3812551352858,473.90102792663527,441.35813512753975,441.8722343912386,468.7146282167509,426.6250577609298,441.44270624530907,440.0055029010723,477.4879422881497,467.0076458394785,487.01037069653137,468.2103672347568,527.8361552935021,462.11203646711976,431.067180775596,421.94457172264,478.0148344095385,489.83643495207366,472.47214510542887,401.01572577980295,473.6571200162733,403.7187073969431,499.3229149308132,427.2421494117657,505.29058171838824,450.99164805327825,453.6556195110028,410.28002262410286,486.0622471528766,496.36784745370966,453.90768518778077,387.77955326427,451.2032308542415,441.7076293402588,453.2184522537888,458.0676148897267,438.8499287076784,407.0352565006974,487.58647477126107,432.983133657704,442.69193105276804,449.3821946111677,475.9107346287056,495.8988450857945,530.9403603856291,440.7936826129861,460.8850412931264,460.2807829889466,505.35867035151136,514.0813362803144,477.19354921713403,496.3616306654671,449.0313004323147,478.90363639852217,489.912363425547,443.3298141748838,472.75451354537836,450.86878749292504,482.3419358571544,454.08053215567537,520.5457546604073,518.6576942569593,470.2539914578869,479.57888533386034,474.61267176509,500.79649347085916,410.3221929244438,584.4371560677647,478.8005556205435,557.7378250118845,441.9815554060909,471.66431866879685,460.9055523105314,488.37073865913237,442.0196506531514,456.41966273296606,453.4169355831062,454.828152125556,505.3807472746408,459.53457289183416,487.2724808594694,451.762296657771,449.1708955356272,453.32031242200793,504.37442117411797,470.7729873648368,468.29396751378107,447.8167770510245,402.37148580235765,403.4659669162097,492.020510873168,507.6132191814068,481.60487051122595,474.2889585783781,453.52173328844134,440.96548539959605,509.9270638313492,453.9220042080495,483.597806912171,462.9014287200473,450.6394149423043,501.4838722468921,353.3444990452344,512.6686152525516,510.4868507859761,478.4168176856515,490.48534372382727,434.45850384913115,450.2872499683306,514.309539668127,468.6153573746623,442.80669487147486,518.2441580393588,421.40897664615517,509.87417571248375,452.49368241810373,478.7690302773426,483.57191652305085,418.45155663204804,465.82807066983116,531.45658477024,444.66163028972016,439.94249716143264,488.00751485963514,497.0121084048648,509.7436078450282,491.2905011000476,432.4328369205337,477.5682153533583,439.76970681280335,451.1540186099749,469.031827379952,489.4423706926989,448.7666210203202,491.8770851458179,422.1824459786832,495.2558922238246,520.3232038645536,459.68999364123664,390.05270241789833,443.54411246470255,499.14660811957856,480.4734306937438,491.6706613395494,448.7386288566644,481.6042701867215,458.80562418162316,485.52754574657683,560.3537038822324,406.8340273951103,428.0264071015165,473.5605005956272,453.03657580583086,490.4195690844146,465.2708900439502,488.6251738781136,453.51509997992963,392.26368818447685,426.7426595423136,493.47516011742186,524.644633992084,503.003066309103,463.8489613500532,443.2926684385279,474.49839636735527,450.65228275736064,482.8320989136378,436.1775491924724,437.02304614636336,432.74138989308784,504.3265336453409,477.01472093032237,507.89284783971334,468.4935818981357,502.3938718596229,480.4355757675147,498.2052940976686,454.76828290344804,435.7890554472048,500.96346082656265,437.99348042572035,451.41973165244934,502.1444354248882,439.20733985485083,433.75351913676826,527.6237742680606,417.4248099676274,493.9280482428849,489.10090690809403,461.79388692547263,454.5154239748802,531.8923308382299,496.57787901548113,476.8339445519024,486.2666665440304,511.01200894190737,445.7433062517057,445.22989035534135,428.70179123359736,458.36854066638875,483.07902449438063,482.01789388619164,473.0848574907668,440.0352240611557,469.83179733839614,460.413348003682,420.99379302930237
195,306.4710291222251,314.2403316262352,326.8868695212988,326.0302991649747,277.8762039755527,334.9451550399485,319.2695624633622,324.05226864092185,329.62642639957437,322.3664789802721,320.37741611268973,316.50598200601814,366.41624055913053,302.44947820411784,303.73271079577086,314.32561570671817,343.08927493780516,330.1032792475738,341.25515323063684,351.0237785325552,350.9541720720549,356.857894887743,323.9193557328165,311.5609564999957,291.5864763723825,340.63242997281435,335.7455475031561,293.49152756129024,319.67884434517515,331.54203820563265,338.90427139949907,348.3984059951172,326.24743184681665,288.1797513986183,363.45998753539527,352.8041594274125,328.0313418920191,337.27912866156515,334.1890898168007,331.7816145909389,273.37626685112696,327.26444642773026,342.4087372303836,330.09150699317865,370.0663219709734,292.272126193787,303.19250236976035,324.51590804938627,329.31341524999993,329.7436106499524,334.351514105449,343.36047272040867,303.26586581458236,335.9957845711439,320.95475832374524,319.3451309029673,338.5884574484505,284.7307468118753,307.07632666958284,352.09704997609606,306.1091187991277,329.71706007783814,358.2957139609062,310.5070698122404,352.3669940624945,327.66686020968905,350.61344898955383,382.85404665963233,340.69435870537535,346.4493146516626,312.63271838079584,322.14473605709344,294.10501217120407,395.28015178802633,322.9406353868945,314.5070626934314,324.7460074213899,342.5495500304341,380.52133456014144,322.7115587338664,320.5098254630028,329.0474327247161,371.3187157512207,308.24672716564226,300.0953365407708,331.0714435125597,348.4249632618434,355.0670277943949,328.8276308828854,369.120546491503,302.0221570988992,347.64165848079364,367.5163605303701,295.25271106621517,321.74759990814783,330.3028339471258,354.8168033470173,346.15187550133703,324.66232567914466,334.2675398122427,346.8742977559656,330.89896072033343,368.8191885415399,333.47469954446063,351.65314023143463,327.2557449910535,345.4002080070549,327.7923642977549,320.9067507964781,345.5688049726995,327.8178572540249,320.7903715470348,333.4728658977736,331.06718345845087,355.31879812498846,375.81666283373033,337.20842559900217,305.9163610952627,336.4998999537948,323.6996967420388,318.8329496817437,334.96564642402,318.98670056170624,335.8140774390393,327.7981466967288,322.9404152081136,307.57068974125764,313.4116249244629,320.50505351300063,343.04821672433206,368.10051752246386,336.65084117268475,317.11244719110334,332.17021986298835,335.7419721299446,309.4952331961165,343.4248836712736,283.42690747641626,297.4236784871339,348.9292865146333,313.26683323150036,359.75814288303286,357.18293891388885,305.5616572656876,320.47317019190086,342.49536161398817,344.3849364448638,317.4859520316765,330.99984836508304,378.9066197623882,333.91640967631247,345.1373472108404,315.48477156594794,413.7283115174987,346.84225468289736,345.30976390155786,354.47125154111694,357.39512324152673,368.2627800388983,350.81541709476824,337.65469063454947,353.4559629071752,339.6449944651013,330.00371125215537,320.29446558759537,342.6758779041377,324.7264679677285,332.8432545499615,318.27380945964967,344.0100634794434,324.61081063819205,314.99110296704896,311.3884301117992,329.959701556082,309.85077127025994,322.88788712519874,327.6084835494213,326.11863054877585,339.85164531850035,327.1312282481625,334.9829274973597,346.5707358060269,303.3819251607175,344.01068929209936,328.90079868493325,317.63074607128294,338.18279532346793,316.2297049774883,319.37612147467826,350.62128170718216,320.41736999405094,307.131581284873,312.50712856212886,338.97217590101354,308.5863110241148,325.95162027743174,334.23860499030985,326.18890282078684,329.72354429485114,328.6520765537857,330.2751218510797,348.2427647086135,345.91390856452546,323.7083769807268,345.90004687465034,323.4017900171912,329.24124718570147,304.8880546544167,339.4952261240038,309.58006010957575,357.7023658068512,323.2964197115042,334.56521244113486,340.3032681432881,325.56624559728783,324.48949868455486,354.15137468966935,295.18550855166137,330.9119358460502,343.61462477268645,309.0881436876391,352.1623739132077,363.30289154239154,333.92589484954203,324.2977003799362,300.8490030114703,365.60659035031335,334.74134863615086,313.0489105194235,335.7135046425567,355.45631828113335,338.1186652295376,344.6176222267193,317.3597016696558,301.5457872462453,302.47791239134114,315.2642730994502,348.23331994073584,336.7722244776206,313.3632145714868,354.5792941220071,314.7423046986516,331.71266031838167,323.91027010117114,336.0028286653044,332.10602263929434,310.13698855368165,318.99298941376753,322.2809720204299,320.64433172842223,334.0178850103486,302.02329773977124,295.59916994076275,357.64352785283256,331.86869715575335,323.31973818212737,338.6452065304017,381.9156336517818,317.98798922295856,318.97339350777224,292.24310695057665,310.58456334567836,363.27835267729256,325.7252663261295,327.20309801035717,276.8713254564328,318.82206552651235,328.47876906089687,332.4436544639875,325.00321633154596,341.0273569877752,333.8344587602801,312.48180562931486,346.1948322993653,381.14288853850434,332.82380668564167,336.3661407106598,343.10033038691313,337.62280723905087,289.3096944289765,344.82707730737917,338.08726494561023,311.03690878443524,346.61340184933465,322.72196090285354,314.1260729315864,362.7816686984072,356.9755151502062,355.6556413411748,321.72217503824953,313.13516290529066,339.1103946316139,338.43330028765735,305.8140314017621,325.1173425753565,336.14391056442315,331.85027488342905,345.27672588454766,314.62200034762384,342.6062261139689,324.1560168007518,336.8421363154428,307.8546352127974,316.05852788613294,327.224903283116,324.5527092212944,328.23356660634937,289.8986095563579,342.0793569436275,321.620248648269,312.048135678085,322.21101687375955,369.1128162862056,351.11251192312164,358.76555802886804,296.1003504920746,342.43289890573317,328.5473037028908,375.4120863540303,287.2721503988122,413.4829427286322,325.71257274131665,326.96265549357827,338.8676491860625,332.3853977439166,336.38172416830037,382.1894931283409,306.1741239394913,332.36984055227526,328.68409658086046,322.13274334432293,337.77106419940134,341.5127365541679,326.44084444162917,397.6709094214571,336.08327429896656,336.55862721987376,279.23414755810984,315.9648763303216,363.795853732156,322.51788732306665,310.4450879804608,314.25802103263635,320.92606690136415,372.0083788127648,324.58489299874185,342.4671014745062,319.307012633845,344.09222720034495,324.7273105858183,314.2819404537425,318.9454184535965,330.91602661803705,294.88362807528284,347.5015737835451,344.3971075287401,352.150149330246,304.00919446629007,352.3718140172969,346.05687153212733,335.87647341518465,362.43405527443747,310.5754873862022,376.64452509428014,332.72746844833637,309.89470401871546,333.48686714009517,342.5970370229332,271.2080362487838,298.4663054422353,313.8026895997002,331.73036702137415,308.45084333861604,339.4589125546371,370.8975930224791,334.36011942216845,334.03448202742385,364.27874604262223,319.82027211650814,320.80062190752307,389.4073054711962,285.4162840769066,363.27663650818687,340.55398812679937,280.5963249126338,337.05185729321516,320.55428259354727,343.6422381290808,323.99555794251626,328.7910124431845,302.2906704004372,327.1650192384638,323.10860315286584,311.37803769881924,316.8130194476331
196,23.34726220706151,29.652226738352297,26.226479585460282,24.44414220633991,21.35883864780205,23.047346229141546,26.837718271600014,24.936877595909003,25.337826109018913,22.82276088531048,25.048732371538936,19.95967031877605,21.21939187227898,24.52328024551464,27.098669418057817,25.786439043044677,24.938321920231004,20.0411100819194,27.086016348566236,24.283030577072,25.09328461431464,18.90144484943617,22.97718256952907,22.32099546343125,33.773452891328496,20.582392402016026,25.16687960461389,25.895552260321608,23.84631037795907,22.233231259527358,22.616035633075967,17.11569719228333,28.16252929799769,25.87146468585247,27.69929309043519,25.06950586803699,27.314112846375604,22.609173280706163,21.48993663032279,22.79249846712069,19.519433192675773,24.866360093209405,25.87254482230656,23.263691935318562,30.861798659795237,31.141917386594066,27.51456735047432,10.66517041588094,24.27368426596153,27.858073750554162,24.65015611789405,22.446288469460427,26.67948364535257,25.472290563352622,24.448127953193353,24.34124137093557,22.132168740429773,28.17963703007237,24.55712346134172,25.782633921425195,23.97095089017263,24.74850208463167,25.05058525811841,23.479918818800286,23.626707312619,27.65870308099927,25.050814047876514,26.92324311469277,24.874242458118445,36.82512204340778,24.64536362415069,25.751094434682628,24.58597716547022,25.08562963672857,17.26734788207343,24.913023776536328,27.238070855925077,27.530019325611924,22.81119434583597,28.532174439740988,23.02624950589394,25.21168675367772,25.041395673253216,24.240654903514308,24.403533119096817,17.847092666041505,22.331653299131684,24.609535614181496,21.28177626264002,24.79444704106337,24.128122998188637,23.85469313972707,24.063047401797476,23.41320884947684,23.144070212730146,25.12215268606883,25.930510799748625,19.11681726391868,21.188090845617875,25.66206933724845,24.64784824229663,24.72274688260929,21.47611015055168,27.743459019180587,21.666427899956684,13.687722575452796,24.362684568667465,25.42503081784864,19.9297468882614,37.13262192487387,24.577462257960313,24.31755948708704,22.93691067549179,22.94143329802901,20.786534163681086,28.319739564726,24.32521832750557,31.74353599122221,26.746603915553713,24.57106867848089,26.430887047104765,24.122055896026104,24.62079186042205,21.098891353494068,23.13196889299905,21.709622504058327,22.70931449576853,21.68875190626083,27.12094071331045,22.94214431792391,26.05354152770161,19.527943066390765,24.139050411158138,25.776519899479073,21.748174955052647,20.222952667206567,24.39783064682489,21.558628381843352,22.974164448706304,23.52808534381164,24.434038240639364,28.953777930472576,24.198236962960628,25.96626713481451,27.738223340479628,25.21917983222549,23.256594868483404,28.022781411977714,21.18458934479299,23.44956935561461,22.41699076372468,22.965751254885912,25.28716401934457,26.610024502346374,12.322602905234644,27.059395909867128,26.41738153883783,23.756486439731322,21.13137329681328,21.0924876369608,19.308469679124354,24.26173102610495,27.38862193859795,24.94105967658779,24.532487704047078,26.265998679178576,23.82573109321909,22.184331128122288,23.809923330292147,24.2900728200248,26.841598985548377,25.491649210182672,25.672524529884978,26.56489309238991,26.61401891938517,30.0333353935632,24.698248941535287,21.23597504691774,29.08926842349548,23.496872894627145,26.663423288113236,22.347634753093338,25.10986353091967,24.7203661807992,27.70640207704961,29.383634230880045,24.373342479952964,22.25220359149159,21.294513234586454,21.394244452956702,24.932375358404627,25.62918850976921,25.315048721779537,19.397300410983966,26.758399860787872,25.053014921946648,26.17808838736248,25.13158621826441,27.50045181366319,21.975798290134925,21.438667429807122,30.999535556984195,21.638097069604875,19.97846184165481,24.971291902643532,26.9156393540965,24.122775507519627,25.953427031205287,24.582122374336986,27.023862165510536,28.73326172619459,29.01874074476504,24.86884069522689,30.060217630901146,24.53468027484341,24.251468776905995,24.70955693051977,25.30498311853752,22.767613296836096,26.585105099192468,24.861129327575178,25.768061684319672,25.106021188255237,25.285407723997693,25.758844698196693,26.72962424694132,21.520292447704378,25.862458675517143,23.438286497833104,19.850801560123145,25.78996862328734,39.43496721289766,24.56586684125969,21.996022095045547,25.60299320290682,15.819966850071445,23.514537170309488,24.47574079555769,27.23190027420779,26.291446945989822,23.12127191456309,28.14456207118721,22.718840305154682,20.96759674198864,25.32065559884086,26.651339968069593,28.189662093765165,25.44303957614446,24.271505791265678,27.08998109118811,22.351981103823004,20.783337666811054,19.880141952120017,25.531547026236534,25.115914429437908,13.126138247135467,22.14965163737864,23.82128997369709,23.5194365904755,22.230570548448558,24.19536643999539,24.858760727849287,30.08998015038412,25.73468447595212,25.491713003066174,21.29444124470581,24.39450471016704,23.818405657193555,25.027875182094192,23.846088637650862,20.358221179873887,21.89371436605349,24.72922397185005,18.219372739990146,22.50377861909751,23.34875876334875,24.765599463281077,21.7777334577424,24.724749549171356,25.647648742332677,25.951284292721066,19.32256336052939,23.13765671912572,20.178044152257424,14.22435081266484,17.963142613341375,19.934474004775506,25.11129414926393,24.36694175593608,26.16197238413948,26.19571400140293,25.315067495243678,29.192071837990433,23.759758781992737,25.675731513837643,19.811919099348767,20.17575397051727,30.37291278825933,29.66004367854121,24.462932512052607,22.17096303894823,23.22754870501924,16.921537076558813,23.71223962208105,24.65249338660168,25.26113626992876,25.758637515026546,26.637063961718997,21.331213055004426,22.287446684897798,26.36152362679769,24.849680736760998,24.433897112101693,24.572572418202395,28.988999570492506,25.124852266694425,25.54853080879868,25.18355525213537,24.78093134485969,25.87515882718197,15.115587354588964,19.12108627762812,28.37439460812766,23.44141431854829,24.52780440728109,29.414940022884284,25.04782707577336,22.28208074811284,24.388013739692678,24.383793193809147,24.083520750802588,25.97406859772137,24.190653417375657,24.90301880674359,24.868110088733808,26.337689625834994,26.47443825091944,24.54164803058228,26.51395195308047,26.652910915705984,22.13909981469783,20.49056110335978,24.82458331121964,25.90760605362025,32.53012211942505,26.46588957310664,24.567541214004606,25.8983075117392,28.367814464344306,26.84677939669424,23.130301834458503,23.280225446147078,22.408243184187032,26.93945016046532,29.51608359839057,27.252234819342565,28.74542983099748,26.50176861480277,28.73856362872808,33.902944829085165,25.02855584808287,24.165369206909947,26.89536506737485,22.455166908804426,27.627458275833945,30.10773107143045,24.514049738581395,25.22268011276532,25.311557476728808,23.25206745554261,27.65433025321164,26.601042825213966,24.598997821030412,25.857571743314253,25.741803010692376,28.62363046699473,27.85481959951233,26.21897538367437,21.71702151152457,24.427364170138997,20.401587147294066,26.120607173870763,20.37166983952939,28.114777635291816,22.33036882173933,23.498504322750392,23.126225324750994,27.61729246019367,19.56567472525544,25.11450548089484,24.62787380409379,33.803735394384354,20.909311252582466,23.216035301999373,24.574259732409892
197,238.8900318500344,242.73235049697544,256.6969636809859,244.92547448145126,253.23293475358247,265.513051192831,300.9383649944922,266.4263382040889,217.22351139152943,215.44664159669858,266.0006292416212,250.95526626149024,266.0917762921367,257.67765234141535,244.9441448125531,243.33544706591985,295.8340779609188,284.3128212787325,285.1880297220032,244.20689447743752,247.0691640503705,257.84870825705553,303.4719952024332,230.4704875157433,208.644818406939,232.0362357394637,234.39581109425373,270.591182331759,277.87336210055446,252.84848523866737,247.6472066911731,240.5503063759617,284.84994353223993,259.30323685391903,244.3121788194807,302.98774621354784,282.61642247800376,274.0339544502475,243.66635563858196,260.78549231501233,262.0496990690828,262.7004289638764,274.32477024044664,268.1407761678953,257.8327972650834,199.7258003538694,298.0093608579054,236.08349974502582,266.1922292945053,287.2508009354381,289.3933261710228,260.80051079186194,259.4391116031038,250.42777854012212,273.22449283132005,260.8000795842888,246.09824137327757,210.93890782382846,278.1633991865683,264.36327918577683,220.45534070579518,281.33719124040454,261.3993784801775,264.20344484451493,236.74825639468983,268.74722046098805,306.5593910641842,189.67658319299503,226.7579436405076,243.77299492974706,272.16649389463345,269.02393405123127,257.65473171156736,265.07105781043816,227.56509779322784,275.4764402494926,267.5973440503019,251.61501915403667,296.9962294965051,291.50540012140624,282.80800761033805,262.0368069857505,233.94273912960568,256.855658222496,216.89675626729763,238.97081482139887,240.74123641216735,276.46933270156626,276.3207686007983,307.99837572826095,260.5831157968566,259.91211948505713,285.4709871115119,291.34454267163494,227.41936725538727,247.44223540755138,216.15001817357955,192.959544526742,218.36172338204938,217.5390917685732,263.66127980298023,282.01560074791087,250.71214320282544,265.16607368449297,246.68567087779732,285.3781081796285,234.0321909488633,246.92010230887115,229.70912509793672,207.82278894532547,261.37222133768427,252.2663587848369,207.7300962975383,255.86944415938515,273.22737044456085,320.59859982019884,303.3648041622564,198.26486003660042,247.14872561724772,270.6655406475118,261.83636635014994,245.5369934195462,244.6502428511324,273.9972968039286,256.63351652989707,259.4539024964414,272.2934948978873,238.4517172044419,241.0453523956847,281.10311887973944,281.05065112308847,261.41699078674344,235.5303839764326,265.3552827632261,253.4747067164787,210.4887654513118,289.2267159113229,249.1702158317178,257.7995230954451,262.8815554508028,262.5333073370749,306.9288775960719,293.83235968356996,317.1913745976641,241.0979882148563,307.2195601126625,307.3457608092388,211.7295299548471,310.3080518269869,278.3591356241816,295.5973856602465,257.6030582265805,297.84782253201934,300.958043536947,233.49304937020298,280.3921116497679,307.04188293642125,321.2872588924062,253.1388125275616,237.4941691758817,270.8601873820544,223.30407988677536,325.4750536291794,259.0985432862322,231.8138539940284,328.8806937763032,298.16473983258516,272.41343065428293,302.95146147892865,320.0626305679644,276.4074565068781,245.77450372017879,316.1687669725689,238.86423619876047,309.1327242710359,248.20874846117763,373.33209897598687,278.68421018949465,258.571978667288,255.63272805705228,317.1915891036611,236.95625072849762,234.7766590366398,236.63434083599412,270.21241350312096,304.0457340462176,282.716256410764,277.35407722843775,260.94343338814343,256.23692019864393,228.0488885254221,258.4479908710348,277.2952618691009,240.3628912540779,256.3610756916542,228.24547350267412,266.7244273955302,265.8278871041229,292.23815496294867,234.49257071117881,278.65740019772113,256.9170240808767,247.29116199823102,224.13082406049614,251.83190897862184,280.0670250051513,263.5755189720394,217.31218945326188,266.15357106520344,207.0724068543835,313.74644437807063,235.47080897827166,291.9436037440113,246.4974685323064,246.48906674952232,225.01572042175053,291.8427749131637,260.08787965893595,249.8056980689357,206.88365358144242,240.4158092086244,270.0795145289779,243.5309842666399,251.85886557646006,230.98742234998912,227.4524775558272,249.34242005677362,251.76928771508202,257.57586035146903,252.23229796797227,293.31274971089636,269.6076059095884,282.7658182710145,229.77531179137142,270.44233660952807,263.0514398474989,284.70522695774673,301.03838940828336,287.8243878359421,286.8161399031039,236.13351938854885,250.6598858288941,283.63741683256217,245.77950978863632,259.84389894602486,242.2185077814689,272.69947095137263,249.23637930973828,281.2403542872353,295.2773687372219,260.93219403524216,269.1095259208678,256.55332833304243,294.7852831562792,234.5210248726761,312.8193204117022,262.74143141901556,323.80683122843385,265.81720357991867,259.34789767868864,256.1992077552137,280.8560280236841,240.25470691546062,263.1853781059467,250.0858611302831,245.45410687929316,282.0260184914815,252.851414062057,292.33353624756313,263.61015300720305,252.1097584853124,245.84503530723995,300.06706425142585,254.83545039011705,258.4257271193245,247.44044018760783,224.908262036928,207.5035697884034,283.14978280162535,292.77673389640654,289.86966660589025,253.72843820578515,260.30871888787453,234.50890750591785,271.7995674971185,244.57660569569882,272.5269952970073,255.69488383866246,294.2692487258783,281.83385425708974,180.647158427854,280.77096197144465,304.79416853750746,285.65809753370786,289.7012856851772,223.7038729194268,241.1122482276973,312.71210658750687,232.61382051264889,255.92008627465802,270.46065369355966,238.2624040540221,250.97430374055332,240.27763901236588,259.08696942124334,285.6727638433597,223.69123375079045,256.428168715326,279.4755016638188,261.04967006015283,237.05366811615625,293.33446825860307,285.2003936834656,302.4545133915853,285.62874934100324,223.81360447928918,276.2572949731018,236.36263958626012,264.380131738945,253.78018095138282,254.97256477339272,248.42542855158177,283.2553069164884,221.7242104519419,273.7662720503354,320.9920497650553,274.87554075815586,215.02648084956928,234.16061385172557,279.6788982138141,267.9880069823393,260.8600054947323,249.46668156245298,274.58798598171984,258.22153835752005,285.1402103282947,349.6775756903162,206.59152314336643,243.11318660396526,267.3970729113434,245.13113146021053,285.4334565633309,257.845865368692,284.39501642763696,238.19926753019797,194.2779797436733,220.7022123890982,288.6301903340198,310.04648664815306,303.6125503206508,251.66242178404457,237.76207841613842,261.5204215002549,224.0765926454278,274.4738954813588,248.41243724954487,269.5805395820804,245.3382560734124,313.94701692396643,269.4526931943478,271.6880937817858,254.01658930688157,282.3922379111505,283.60388156703783,290.0263034723036,269.41211750916,238.75872502497646,272.8690810215871,248.0207171202356,250.09168380224574,300.0331489544871,258.94322896308734,245.51383278885083,271.28303835933247,222.52211412465672,287.6463908727032,262.43439083013453,286.45351480836916,251.0148296621957,297.85798776658953,277.87385546919927,249.86520653971226,266.7978066542664,311.49350728605805,222.69681469785675,242.41940906324623,230.7953309205664,265.808243406693,262.2305015269949,268.86719823655807,264.8091868736724,229.73285461671813,260.4704516465324,261.68118712551484,224.4425777303424
199,115.99470744547968,121.9297485983948,123.835503999903,125.55079782167141,108.46796164769131,136.98659016080748,134.82775065892886,135.28171751091986,123.94513364408456,124.67286246275422,133.0054114377133,120.40918674390072,144.2398195420199,123.9357843180183,118.37874525495572,128.45929966347217,141.28626768112872,130.62179201847366,148.88970026033084,137.40826258091698,130.72230004513563,131.00747350164357,136.28983036677846,111.58758386383087,102.3991614088508,131.74462725283442,132.90226006996076,121.32128641719878,129.6226859641958,134.89711020565818,126.55641344728569,132.17651279625179,135.71962215772672,113.96947295961508,141.87536823926314,149.68135701228024,143.9974093125407,125.10641201920048,127.35072618776907,130.64852976413357,113.27897741669445,132.83538091572788,143.7291527296672,124.21545542158329,140.75741413839418,99.87034792338892,132.06449336220476,116.02975464477406,134.12149631676405,142.44657557331382,133.99714252457704,133.7103557326276,111.66100640110048,125.47920498315695,127.84704372082018,123.19654441045346,127.60813869234362,100.64546291713923,124.22328803754671,143.51177038625238,113.31517625548048,141.52844709624392,147.50046384551953,119.50735670424216,143.8431238234509,130.24293814897766,152.0820503109981,140.05216636023846,131.74730581769091,139.14235314958694,129.553242278548,133.85428981702378,108.72743948433826,156.29027485110032,113.80355222217243,130.66922726665152,124.99347736963531,130.00557658431484,155.88650851824298,136.2367462609614,133.9710557945537,125.10930863107694,141.32116122493323,117.22177302558396,110.73863840949205,123.37448063970413,133.05414596555966,146.66842652059194,133.73097393989536,154.46681450656124,121.9403133826976,134.3877185705845,162.66272534755302,122.50729244863555,113.72578313295291,130.5943141236736,126.79559687296715,125.78164501447745,114.1053498731928,121.18955990905071,143.92342580910375,133.06432833109605,141.04279107451234,130.6583238277033,147.9601753673738,125.19278182431509,133.14533575970788,120.61047077808891,119.52101233533298,121.43692836111614,127.90685952552084,132.27844134030994,126.31677424051624,126.95047293255388,135.14706954856476,165.26420241479812,134.53692459311492,105.41772828690162,131.1949915845077,131.1926946039017,124.27781236571528,131.26431355584722,123.79451433536455,134.36550987078562,129.8095879339063,121.34446845018226,129.47727069325404,122.66949457122023,125.8145016537807,128.0914566637428,152.7398069890002,136.52198901705162,118.45246606140662,138.806789243056,126.76133844652423,111.70339935310535,149.14981391113747,107.7907188739025,119.8798194895796,132.1274983887561,117.81416685330309,157.20307892833785,152.15187617769953,120.19920741694244,133.4881426770757,145.04316515969876,144.5452497056647,114.0682650238938,126.35551737476317,156.9246285140457,139.3364537718721,132.91408751427628,134.2390320209364,178.4388693148544,126.99723998164879,145.70651958371784,144.169909856142,153.92739868639325,144.73716774060327,136.85708917300687,123.95997035587393,141.2726313930107,138.17828878499503,131.79223557335493,124.97173120866378,150.82180494778174,130.10914441375922,132.16428268759608,130.67209985549485,140.40722067729826,123.60235913242671,120.38086187886594,132.02797723209645,127.61970438835188,129.983948872506,121.2602968345167,145.76246063226955,125.42223400501688,137.06449706985026,119.13321386725215,140.93998674622074,138.4213058651718,123.8120097311898,124.16263485465038,133.96988804723185,132.40585908947708,144.37614014920342,122.55673554980223,119.30914478829375,134.2874750994423,119.60025084483445,129.95899696709606,131.38397449977788,136.22849475130758,129.91781363811648,124.66951073438769,133.93374775317105,133.14499392545486,141.32623164833657,115.53202296567795,122.65641873779327,142.87599382629924,142.137998909832,119.95277347396343,128.86615025247713,130.2362049749275,130.317584905318,117.19085099667814,135.52510992492006,114.51334151371181,161.2280379537406,126.9621348690888,138.0410771498408,134.86382827089759,125.67550290256105,125.954925445251,154.8182142844815,109.51127182283035,129.80991303804274,123.70138201069723,114.84689429387049,154.13288914988826,137.4252131647896,130.1492144183069,121.10742094933092,119.7738955517585,128.62643370238646,139.87790089489945,130.90114009254333,136.18703800397066,156.34772260703053,133.44531642257812,135.757879060819,117.9338281620352,124.39345549554014,125.90660828494914,127.23947335968191,147.72478164130825,144.47892616183142,129.2265012263422,131.3077716820293,119.25852802639557,134.91365535986304,129.402851208331,136.21207299831073,127.9847599592693,125.35997293203381,124.51597692883664,125.74909440628143,130.5243859711665,133.38560013166256,123.5039520946282,113.22271289918842,150.63683676174873,133.18278466071814,124.52214386973812,132.47438723242436,159.1619502854293,135.11561022568424,127.47883808244872,115.33929388247181,125.65190423215704,142.38000050377812,132.43051711608615,128.7618965057125,106.89448553840302,125.40679671941692,128.47044898566784,144.56231868569932,133.29239349353122,136.28614559536229,128.29686100168317,134.58379112006494,132.80944374351944,148.76311634582834,129.31766465059582,133.37880500036377,126.21101562033421,138.10598854303532,120.3585415042416,148.68990455949722,128.91908860267864,127.16937784590854,129.33199006409856,120.72008764165918,119.35199858790548,144.51334654751832,141.9053049480971,149.88830734632396,129.55809070517208,113.46931191009426,134.53133246511203,147.65499251041587,131.648073314078,137.37537757597022,123.7747264318175,124.91033308671138,151.52607314755508,111.68572170444712,140.99323529057062,116.72061889099504,135.06007369823405,106.86946477531478,116.62179753868084,118.61434627194971,134.73656579294519,119.05240436174542,113.18184672647095,127.56930256363506,135.89531983315823,118.58754263742078,140.94845562502329,152.12600643520358,151.00054571338688,150.5256191749393,112.05653015295604,143.68067797835016,128.46389314626413,160.90324957019746,109.05109157378193,151.97505010260915,124.63256458772292,138.34495648868938,122.30794659158869,131.2972756735077,148.2021936387061,165.47281177570238,118.6539248083939,126.37966712377232,129.54102220576453,128.2422291970362,130.83956990779822,135.8807887707585,131.568586244524,157.55318645432732,140.6070915640351,149.4687912512506,102.82534998357387,128.48295643085856,147.11177605996446,124.547279279068,127.70442531576326,124.41525859237169,132.40625987544712,149.1170230189374,113.53218616307264,126.12158678045178,134.15736673969565,146.84073533489632,140.75818536776364,124.03081543431541,119.22887124772477,127.73189204962246,103.60137635556295,143.05375847666969,143.45695729999804,156.69664180813783,124.93162939476423,156.1291981959836,140.39954448568847,131.34874957672224,138.73189531800708,124.22944868788679,157.22417790644394,135.32087923012918,130.30185978601494,131.24152341749544,135.7270155064597,109.53904640412078,118.46746508812592,136.03788766780121,141.00082203020474,122.09933013730287,127.38015782917259,139.63515648517014,138.0169306874557,131.3560601418283,162.7180095514839,125.02637642130121,129.47945124951045,155.05973916483418,108.93461291148519,142.3438708693799,149.02566836919874,101.2432830926843,130.12418792132814,120.03841801906783,146.69106103297466,120.598789666353,130.83093176242795,122.72315981740358,120.16397250020195,127.58715327486713,125.13348805823615,118.5794410565222
200,84.55253533414773,90.86037786446803,85.60655621752178,80.71261918748598,76.79904947560884,86.93116435087204,86.81863498593613,86.1471869372929,82.56411720306087,76.13466274133106,82.76835901018245,86.92296443281286,96.1251081415783,77.93710366672724,87.07914478592511,85.63738632658709,97.1099264724666,90.40772287053488,90.34913564849505,89.0292606607436,83.66059678282215,93.56612962890522,84.16596357351726,83.65390564720092,73.20921067959222,81.86934551470486,85.77837729795601,76.03562275988403,83.53873079021396,85.65194722500522,92.33532634232391,86.51658774939875,90.36219080141028,79.16260990554306,94.88004276054077,94.59742095502165,91.1443463313115,98.4762985503796,92.71589726217304,92.19302114648943,71.24779732644687,90.16513740853244,96.46719510321348,94.13975564489563,93.68601985376742,85.72450179268859,88.98635398062332,83.58150851340135,87.51826405208368,96.47578388680763,98.62859124195332,97.65390308786492,84.72779326351541,92.41502184245672,88.46997538745663,88.25409392118057,95.49005888595156,78.85870616556234,91.76190254790194,90.97932704874056,84.9429959337386,86.02439072501379,88.77341385805441,88.57271852899683,85.86171077105276,90.63800896799823,91.65106278149989,93.31249087522514,83.59834887871997,98.8059986902438,87.63005571982218,88.5594158232431,87.09081902317793,104.22113248419001,88.94751780389385,88.18933594944677,94.67664494389848,97.0435936970141,97.71262049757132,91.52513898578442,90.01185714478558,92.20524664830252,97.69865546081316,88.81683501606636,85.98157286458387,93.09227908736312,89.66216029528243,96.06237655382068,86.16603750499362,102.33567845187298,89.4441231344768,93.0471857090448,97.49008507091357,84.36630548083241,89.20151710526457,86.9576509767173,93.99804325894091,86.99930576244037,90.26705118565798,87.97614961121792,89.56457145934355,90.68193144634027,95.75953590192141,99.58028666271557,92.10755776678396,95.90428603548473,96.61990499645636,93.61690608047206,83.5692874556507,102.496429906798,88.69374745201814,86.38375116068502,80.92916316936794,88.52222450343734,102.77848535664805,103.38550073933256,100.7983060900196,94.3155759646978,86.8125557707107,87.11813346675258,91.47631220750736,89.42294851750229,82.03223977761675,87.69067582056414,84.52076078737497,92.50071509237648,81.26729839550913,87.47311965830664,85.12211759046647,97.99940009254524,95.4937110775968,86.71916897683515,89.0994168449269,87.26732474731537,87.46718774342274,71.03014482992897,88.79202287835301,83.94388805488035,80.88475247973699,102.4753128676395,90.99202062150793,101.01737139090082,95.697785431047,96.71968143874544,92.10490734644432,97.1517540388831,95.14762021077,88.82816242781023,100.89908129565214,93.879801248851,93.26151511741784,87.25866016018169,88.18232532985064,105.54585922839827,88.80040837047895,83.86605938941139,104.51859115501341,103.73633935261213,94.56693676040048,86.709770681821,93.61998879023541,95.33377324888524,107.18988913894816,86.15508188497135,82.06890881209723,92.61932994633824,96.0221188198304,89.5257732062303,93.87323546779402,100.18819109950428,101.50230624240164,86.46181454052456,95.70361932053423,87.52578463318905,92.02237868998694,89.18932513093925,106.61861084584656,90.53851756854132,90.80815591423556,87.2337259736228,103.48614666174922,87.31315036248596,72.83144147585084,100.12317412598007,86.18573304530341,92.3520016206015,87.32380892022533,82.66263133564715,88.8584446912287,100.53017812145458,89.90535691381054,82.73258472766616,83.27845551908325,75.46598956212117,80.45549246089088,82.47518368665884,91.23796115237049,90.7406313296484,90.80620956029085,93.9804952209717,93.0588811499274,89.89307872992167,89.41641746454445,78.30118404198599,96.8106014231057,84.41485811007138,92.22454004596395,80.50997055215619,92.80986590448792,85.09567991671305,92.05557014014644,90.60563585453029,95.87381080732344,93.89222637009058,90.73052004752176,80.01798876573666,96.86047281636002,88.9918495028518,88.64138496434617,81.61661642959885,82.05446882197384,88.28194023942574,91.61881795794588,87.64872829969002,82.81472251547707,81.1944662360568,93.49042278009749,88.14577572172283,81.72408972026275,84.479835168252,86.91024202494974,93.97496144267136,97.8167432871382,87.70465081822691,75.19090906943188,75.96777315885751,88.05191736900505,97.22748584932272,86.69328089473724,84.24272955357661,90.6508851641886,95.03994126555632,89.51418024409911,83.46849759333475,90.2508638369701,88.87280323037191,84.23959930525095,85.94436551915285,92.39729980236832,84.9604742942173,93.35342444630108,83.99675664211975,79.35948919990945,97.01714501545885,88.18480402346107,90.93988146347445,89.72252274822138,95.94385302666358,86.48468959517382,85.14212079205464,80.55220734472468,81.9585944330924,98.38700931435308,92.273394617346,83.61667063058398,75.91668434175108,89.63986880107552,87.31508085404516,86.94004477765236,84.72251105293537,86.88570740685181,91.90795263173254,88.2282427106266,97.09022313057724,98.04160446653208,88.33068249189934,79.43216782418864,83.49958333024884,95.4938622438664,84.44644544752016,91.81897184508831,88.28420012982988,81.69760046561919,88.70988298605421,88.76832348931934,85.78941829873698,87.83633862332243,98.86970966509615,90.98519624807136,85.84639846127865,79.4330467136672,95.82923660074918,96.04584983208537,90.93156478925509,88.45765042438711,84.54411485685026,90.42704362450041,94.92663259687164,92.02220315641873,85.59380383533136,91.79250392672851,80.42670245015826,93.41805590944789,84.2138256342502,91.55655597481287,85.14746350611924,86.82851782182638,78.8235644413105,96.08915714097013,83.23763742014198,83.82176158122786,89.31528434779699,99.29937648867514,103.47606864496477,96.90724266623738,83.37271593486521,93.95309269535149,90.34121158477647,95.35358569200949,81.99238388450128,110.8141901481829,85.26602602974235,91.31251457073385,84.01288902696203,90.42623985412071,95.42610036141079,93.99061800526896,73.73959704649917,91.16196959866005,90.37237013069368,85.59346649540458,93.43943617076128,89.15528073273626,91.63904793798136,99.62996710093896,89.8742682223274,95.5839541870282,78.23274853398708,81.00712861883625,95.21559529919091,82.79901691861757,83.57990902329131,86.73455739827105,86.92980472608832,112.26200563852541,72.72950076450533,90.75755050479569,85.45129796482567,98.79893890493,91.34331679561836,91.03719037069452,83.53909542858634,90.33272169606886,89.16917119057995,99.12408217665536,92.48939648309286,89.26485519327379,79.51699451548096,89.76973347781971,86.37053812768309,96.10552011024728,97.7114833978465,89.81074534872644,92.65694889331884,95.92928166698191,84.58781498834621,92.3677307539942,98.90916991427454,71.35712853280297,81.53218824456175,88.61461390620559,84.38613815070684,81.99515174454233,100.37681424671077,92.60383028536228,86.17149287142594,94.29194356777471,97.75050261621608,80.45904533360942,87.7962488863487,99.6937680442667,83.59359792435899,92.48692596234244,93.37325651141009,81.09261956522087,88.510669956248,86.09272048039406,91.10034094472135,93.07034467822763,89.80479212966473,87.58502578695288,86.17185952892021,85.12194818501655,89.05138649269605,83.46922270407562
201,43.18942718516371,45.366110232931824,41.83806164137045,42.39946012961549,40.19292541200922,47.06236084884365,47.4974868694489,47.1869227139476,42.13057068637824,39.14614550202964,45.07919087277929,44.511163274318726,51.81622117167181,42.075179305623415,44.86694723370483,46.641813746409646,53.54438083919732,47.37722005510383,51.48248059004744,45.99705729622684,44.27853432699442,47.131125862421854,45.64228778729482,41.61305981162678,33.724979607409395,43.53744794542597,46.36708539115744,41.53496830472624,44.617898910728044,46.93571351694774,46.769999518380565,44.381653532390565,49.16516691672168,40.149260377689856,47.7731178518386,53.198116148185555,51.52478471731367,48.73298223984347,45.72903212253543,48.40929274204295,39.16435148063414,48.788384588803815,52.85932527893778,47.13951291670546,50.50503685462842,39.502283268328796,49.9870476338161,41.472935204725964,47.65676027350352,53.297689877503316,52.051447951075104,51.70495616443938,41.10804224992572,46.80591796708255,46.59508576649301,45.497358046547575,48.71625856440056,36.647229154459225,49.553835963671816,49.09162821459921,41.368963668402905,47.38024158621673,48.30830195823662,44.80314069088757,46.04624954177406,48.81979802239957,51.47342357221262,46.47590560096021,45.65355984051197,49.159666897617605,47.753320624889916,48.44249300992768,42.221236101584466,56.525961025312974,44.41041374606706,47.994600831151715,48.742563006562996,49.81288955778738,54.06632890374342,49.43205370663431,49.7627988594917,47.075491645363904,50.378985818780706,44.97465774275153,43.51179940510068,49.23145470998409,47.57958174439364,53.94459481898924,45.60193436592545,56.61867384124084,47.23681422550438,48.57661269075528,57.3561528651909,46.087550760556965,44.28328276347929,47.11336674739697,45.75049525860776,43.736737556849405,44.893972725136344,44.833034853964,50.22281439642018,49.72205829002686,51.642682208109186,49.42509510477315,51.536084904769105,49.990992521468115,51.28244894658679,45.751288581490755,41.89665143944307,45.26523368943919,46.00285725174408,47.57490406939438,41.71180075961418,45.71418877156525,53.01166785142239,58.61545629648892,54.04581197855356,42.14550683888655,45.17663160598201,46.269989469824495,47.2626053684046,47.26533412414649,42.431309815614206,46.46152121224489,45.50635170617196,44.356464982266964,44.86025305386279,47.3467256139264,45.04202393847154,47.78437830597427,52.9342010909029,48.35599212329103,44.47947454322785,46.32508602068819,45.29691651010154,35.62662447968432,51.189510886380965,42.345192696173065,44.19603764006281,53.16321160673352,46.20919156141408,57.44295802122946,53.90325585593954,50.73328360487618,50.881464445186175,54.2092277888278,53.057198281712246,41.734960558658095,50.289337570963475,53.203799033670435,52.247775401868324,44.89405055343501,48.57936765175874,61.221256602424276,45.489543764541594,46.6680010867441,57.662837130653045,58.312795562285785,51.254516452488545,46.92997270019264,46.17901461192178,51.048361029856025,57.17280510883878,46.302784434101675,42.63066886847356,54.813753083912104,51.8883216599637,48.103257024722794,50.66201242436218,54.077455542681506,51.82454315165167,44.96756823667944,53.12623395465943,46.78434079740259,49.75597151940071,43.90706690376683,61.28273599957119,47.16295004037261,48.766190932225705,43.48325632428785,56.924149184913645,47.56442981032778,39.33003852889602,50.18486117255375,46.754446641581936,50.151830241730785,47.47028714826403,43.25951834556989,44.54406661275211,52.50462251083982,44.603102669049626,45.551362383303186,46.0238178058525,41.914232182214725,44.331078793895365,42.5949432229655,47.09782855088858,49.05185018992621,49.98194593126345,46.519044197826176,46.35617685372458,48.39211469574317,48.60633044782612,40.72527305528815,48.423686367791156,45.137294936043006,49.70938137024326,40.184417772273854,49.81325082620345,40.88445320054269,52.93100206003661,47.54250526737505,52.489085868570214,50.12615214118357,47.16422978625884,42.81067403228424,54.58406846622054,44.03352773224314,47.00355394697935,41.11808934419068,42.054952587129954,50.19352908912271,46.562907591539144,45.70543583754168,42.45006870998288,42.970843335963785,45.07496814770798,48.723143603333064,45.00484905180654,46.823670712852106,50.064315892116745,50.495572372011964,53.528469625983284,44.237135932782365,39.858273466004185,42.524142659720006,47.65251684585047,53.92624455767904,47.46693461578471,44.47166960020125,46.833831762778175,46.958317861208236,48.00254438028059,44.560429567499725,47.27075227050838,45.154518728187504,43.177176601788624,44.01005121144985,47.16703110194521,45.37166414830086,50.09947820079955,44.879260809982604,40.48927413593928,54.052345244655285,47.5138446723447,46.10492407950426,46.0561287381516,53.17390789156771,48.57249238055005,45.20535208082185,42.07473983491021,42.20564309301026,51.59688964305818,49.8491741666385,43.18322136249317,38.61405425726162,47.009061403206175,45.712517590175885,48.545624564769184,46.45532406420084,47.2854334953529,48.170056632597074,48.88426544212536,51.10622401385418,51.984258549932136,46.271532375593786,42.13889861295214,43.525647506566216,52.46046726317482,44.97382244805729,51.06243730179507,45.675215960851155,45.24954244396989,45.39469562387501,43.86435936148103,43.94071320787199,48.448198171968286,52.20851002203732,51.07257643836693,45.40975282081458,38.655544483934456,51.73270520058068,54.02234027395858,50.68584263570993,48.89558007698558,43.19996603385187,46.60106479125737,53.02483726459006,43.679861017763436,47.29175659355728,45.17085597784524,42.98271526806078,44.636013848567934,42.32794521324089,45.68940759594733,46.92381969115973,43.05213856161684,39.89963766732438,47.12971499913157,45.71196232118106,42.54620505362282,50.75260651254546,54.45322109399797,58.002591207539396,53.83124548245439,42.44903091026328,51.46691760799264,46.41848411953328,53.53459550551377,42.135360381613204,56.74667107579262,44.51100014815278,49.21266090664393,41.22343646669373,47.177379965164356,53.28922901283593,53.272784178657524,37.97945179857911,47.22004384794555,46.87459074476494,46.15636204250044,47.91092688115546,47.27840532348423,49.39675005527923,53.59733670375054,49.65529904781296,54.21114048970152,38.31761381826768,44.66017933183911,50.853739336601,42.451524218318966,45.43241503814204,45.346890364816254,47.37342062912479,59.65343216036848,36.58867102170815,46.36899303647206,47.02879687667779,54.641000570703476,51.47896116780163,47.77708466487788,42.68007766669435,46.294800861752904,42.03543817966045,53.948379309001204,47.81156586316579,51.57066667537135,43.38362242557176,50.2774879091521,46.626637630075685,50.481733354849865,51.97732411625968,46.70817625474175,51.680072840841724,53.67828071009064,45.97568818830479,48.838955335776475,52.21716059914353,37.85928393314897,41.65797757417569,49.865665527319386,47.04617022695752,42.13710025412396,50.015938751801606,48.80856391656976,46.597801584385614,48.401867218728476,56.90215645381974,41.75324239207004,46.959320295904895,54.05650342080265,41.34945000983945,50.66739595172643,52.94071845343989,38.34669487819561,47.02222780815578,44.25520412297266,51.143467244323425,47.177727326515075,48.45292699367358,46.98504668566079,42.39385346403219,45.59580509105784,48.001465983242646,42.4763014184273
